1,1,1361.191,478.489,16.405,16.524,0.370225,-1,-1,-1
2,1,1337.285,480.785,16.305,15.922,0.253861,-1,-1,-1
3,1,1310.789,487.051,19.758,12.301,0.185504,-1,-1,-1
4,1,1294.767,488.116,17.556,14.909,0.157679,-1,-1,-1
5,1,1274.738,491.142,17.556,14.909,0.134027,-1,-1,-1
6,1,1254.710,494.167,17.556,14.909,0.113923,-1,-1,-1
7,1,1306.542,468.942,16.324,15.650,0.214362,-1,-1,-1
8,1,1291.014,470.422,14.725,15.531,0.382430,-1,-1,-1
9,1,1278.605,474.786,11.014,14.633,0.266262,-1,-1,-1
10,1,1257.591,480.860,15.263,13.736,0.192388,-1,-1,-1
11,1,1245.720,481.863,14.728,14.598,0.163529,-1,-1,-1
12,1,1240.518,412.000,11.668,4.317,0.298185,-1,-1,-1
13,1,1226.363,393.922,13.657,11.000,0.253457,-1,-1,-1
14,1,1214.242,369.437,13.657,11.000,0.215438,-1,-1,-1
15,1,1285.971,270.000,2.029,8.809,0.284278,-1,-1,-1
16,1,1286.779,172.462,9.599,6.664,0.303938,-1,-1,-1
17,1,1300.722,174.042,10.328,6.806,0.406096,-1,-1,-1
18,1,1315.527,175.453,11.018,7.887,0.487041,-1,-1,-1
19,1,1330.334,177.426,11.479,7.181,0.418756,-1,-1,-1
20,1,1346.084,178.799,10.797,8.170,0.394434,-1,-1,-1
21,1,1361.755,180.641,10.371,7.248,0.368065,-1,-1,-1
22,1,1375.920,182.701,10.971,7.496,0.394784,-1,-1,-1
23,1,1390.566,184.640,10.907,7.573,0.239349,-1,-1,-1
24,1,1406.241,186.596,10.201,7.437,0.259638,-1,-1,-1
25,1,1421.083,188.647,10.538,7.453,0.257765,-1,-1,-1
26,1,1435.572,190.734,10.821,7.228,0.257205,-1,-1,-1
27,1,1450.723,192.679,10.490,7.240,0.226784,-1,-1,-1
28,1,1465.549,194.618,10.599,7.352,0.192766,-1,-1,-1
29,1,1479.799,196.307,11.003,8.272,0.213705,-1,-1,-1
30,1,1495.723,198.650,9.774,7.901,0.254602,-1,-1,-1
31,1,1509.430,200.476,10.582,6.946,0.432423,-1,-1,-1
32,1,1523.916,202.343,10.662,6.741,0.465266,-1,-1,-1
33,1,1536.740,203.345,11.199,7.259,0.437343,-1,-1,-1
34,1,1551.170,205.248,9.566,7.199,0.372619,-1,-1,-1
35,1,1563.390,205.887,10.865,7.429,0.209308,-1,-1,-1
36,1,1577.542,207.143,10.514,7.295,0.302597,-1,-1,-1
37,1,1591.404,208.073,9.844,7.630,0.249630,-1,-1,-1
38,1,1604.799,208.649,10.893,7.661,0.331877,-1,-1,-1
39,1,1618.598,208.975,11.584,8.122,0.227813,-1,-1,-1
40,1,1633.140,210.143,11.212,8.490,0.226612,-1,-1,-1
41,1,1646.606,210.669,11.068,8.930,0.209631,-1,-1,-1
42,1,1661.071,211.997,10.750,8.468,0.332419,-1,-1,-1
43,1,1672.619,213.203,10.846,8.027,0.260389,-1,-1,-1
44,1,1684.604,214.179,9.760,7.871,0.356895,-1,-1,-1
45,1,1695.693,215.286,10.195,7.642,0.425009,-1,-1,-1
46,1,1707.701,216.098,10.393,7.951,0.361257,-1,-1,-1
47,1,1714.739,216.417,9.841,7.710,0.324878,-1,-1,-1
48,1,1723.471,216.317,10.583,7.713,0.330147,-1,-1,-1
49,1,1733.944,216.136,10.113,7.667,0.373190,-1,-1,-1
50,1,1743.737,215.409,10.381,8.362,0.450843,-1,-1,-1
51,1,1753.434,215.363,10.392,7.782,0.392570,-1,-1,-1
52,1,1764.446,214.614,10.166,7.906,0.430566,-1,-1,-1
53,1,1774.628,214.414,9.681,7.782,0.415195,-1,-1,-1
54,1,1783.805,214.387,10.694,7.697,0.480753,-1,-1,-1
55,1,1794.208,214.183,9.934,7.623,0.360151,-1,-1,-1
56,1,1803.825,213.442,10.490,7.996,0.438725,-1,-1,-1
57,1,1813.548,213.396,10.200,8.122,0.358915,-1,-1,-1
58,1,1822.762,213.372,10.285,8.013,0.443962,-1,-1,-1
59,1,1833.347,212.583,10.903,8.505,0.398582,-1,-1,-1
60,1,1845.096,212.210,10.986,8.181,0.395951,-1,-1,-1
61,1,1855.636,211.485,11.506,8.955,0.421492,-1,-1,-1
62,1,1867.711,210.730,11.297,8.571,0.310067,-1,-1,-1
63,1,1879.204,209.528,11.305,9.103,0.241668,-1,-1,-1
64,1,1889.826,208.873,11.336,8.940,0.328853,-1,-1,-1
65,1,1899.817,208.386,11.721,8.684,0.337859,-1,-1,-1
66,1,1911.565,207.733,6.435,8.525,0.253676,-1,-1,-1
67,1,1919.000,206.915,0.000,8.671,0.215625,-1,-1,-1
68,1,1919.000,206.190,0.000,8.671,0.183281,-1,-1,-1
69,1,1902.709,231.252,15.291,12.493,0.240239,-1,-1,-1
70,1,1884.405,218.917,33.595,35.495,0.258139,-1,-1,-1
71,1,1894.783,219.529,23.217,31.807,0.271831,-1,-1,-1
72,1,1903.978,219.591,14.022,32.858,0.285073,-1,-1,-1
73,1,1910.813,219.381,7.187,34.270,0.230054,-1,-1,-1
74,1,1908.914,222.371,10.086,29.371,0.195546,-1,-1,-1
75,1,1911.851,222.581,7.149,29.371,0.166214,-1,-1,-1
76,1,1914.788,222.791,4.212,29.371,0.141282,-1,-1,-1
77,1,1917.725,223.001,1.275,29.371,0.120089,-1,-1,-1
83,1,1819.135,92.000,11.957,2.384,0.192995,-1,-1,-1
84,1,1806.454,65.061,13.573,19.926,0.164046,-1,-1,-1
85,1,1794.113,46.311,13.573,19.926,0.139439,-1,-1,-1
86,1,1781.771,27.561,13.573,19.926,0.118523,-1,-1,-1
87,1,1769.429,8.811,13.573,19.926,0.100745,-1,-1,-1
89,1,1734.273,76.476,27.670,3.524,0.196518,-1,-1,-1
90,1,1725.895,69.878,18.507,14.185,0.167040,-1,-1,-1
91,1,1712.900,69.638,18.507,14.185,0.141984,-1,-1,-1
92,1,1699.905,69.398,18.507,14.185,0.120686,-1,-1,-1
93,1,1686.909,69.158,18.507,14.185,0.102583,-1,-1,-1
95,1,1670.845,164.020,6.677,2.980,0.238107,-1,-1,-1
96,1,1671.503,211.995,8.405,8.781,0.184327,-1,-1,-1
97,1,1671.485,219.315,17.965,19.011,0.201971,-1,-1,-1
98,1,1668.794,251.590,14.270,12.988,0.171675,-1,-1,-1
99,1,1634.806,203.203,13.413,10.370,0.192995,-1,-1,-1
100,1,1625.814,210.915,13.970,12.072,0.164046,-1,-1,-1
101,1,1613.097,210.403,13.970,12.072,0.139439,-1,-1,-1
102,1,1551.067,290.325,9.197,4.675,0.238284,-1,-1,-1
103,1,1524.427,305.772,12.300,9.483,0.202542,-1,-1,-1
104,1,1496.065,328.481,12.300,9.483,0.172160,-1,-1,-1
105,1,1467.703,351.191,12.300,9.483,0.146336,-1,-1,-1
106,1,1520.330,302.823,3.670,21.828,0.316792,-1,-1,-1
107,1,1506.437,314.923,9.279,13.804,0.269273,-1,-1,-1
108,1,1498.042,320.730,9.279,13.804,0.228882,-1,-1,-1
109,1,1489.647,326.537,9.279,13.804,0.194550,-1,-1,-1
110,1,1481.252,332.344,9.279,13.804,0.165367,-1,-1,-1
115,1,1208.453,458.312,16.274,15.522,0.449574,-1,-1,-1
116,1,1214.059,453.549,16.182,16.025,0.266071,-1,-1,-1
117,1,1210.677,454.222,12.028,13.300,0.206254,-1,-1,-1
118,1,1237.561,498.202,29.237,28.128,0.181989,-1,-1,-1
119,1,1206.013,451.207,9.911,12.887,0.379838,-1,-1,-1
120,1,1197.204,447.910,13.244,14.595,0.285870,-1,-1,-1
121,1,1191.772,447.414,14.188,14.091,0.264169,-1,-1,-1
122,1,1186.787,447.060,12.226,13.741,0.234407,-1,-1,-1
123,1,1198.969,494.837,12.661,19.358,0.212886,-1,-1,-1
124,1,1172.255,436.414,19.027,24.174,0.217670,-1,-1,-1
125,1,1163.313,440.788,21.551,17.007,0.286369,-1,-1,-1
126,1,1163.285,443.121,15.704,12.786,0.266644,-1,-1,-1
127,1,1155.559,441.847,16.769,13.914,0.376852,-1,-1,-1
128,1,1150.255,440.342,15.674,13.297,0.397120,-1,-1,-1
129,1,1142.601,439.421,15.810,13.491,0.385722,-1,-1,-1
130,1,1135.009,438.098,15.537,13.953,0.443088,-1,-1,-1
131,1,1128.520,436.137,14.634,14.468,0.451719,-1,-1,-1
132,1,1119.699,434.516,15.715,14.371,0.350310,-1,-1,-1
133,1,1111.600,434.255,15.965,14.329,0.432363,-1,-1,-1
134,1,1103.457,433.950,15.849,14.567,0.420600,-1,-1,-1
135,1,1095.641,433.214,14.516,12.910,0.358353,-1,-1,-1
136,1,1086.215,431.741,15.866,14.391,0.466390,-1,-1,-1
137,1,1078.311,431.901,16.018,13.998,0.453927,-1,-1,-1
138,1,1068.652,432.292,16.378,14.779,0.433262,-1,-1,-1
139,1,1060.335,431.329,16.321,14.469,0.464507,-1,-1,-1
140,1,1050.745,431.067,17.021,12.974,0.368974,-1,-1,-1
141,1,1040.794,430.646,17.719,13.822,0.453746,-1,-1,-1
142,1,1035.542,431.071,20.032,14.241,0.288569,-1,-1,-1
143,1,1055.172,422.972,19.041,15.200,0.458440,-1,-1,-1
144,1,1074.515,418.082,18.412,13.590,0.470144,-1,-1,-1
145,1,1091.950,413.099,18.178,13.318,0.290880,-1,-1,-1
146,1,1104.880,408.070,18.302,13.843,0.247248,-1,-1,-1
147,1,1121.221,402.771,18.302,13.843,0.210161,-1,-1,-1
148,1,1140.846,405.898,18.561,13.425,0.419589,-1,-1,-1
149,1,1155.867,404.907,16.981,13.614,0.487834,-1,-1,-1
150,1,1168.114,400.134,16.307,14.525,0.495743,-1,-1,-1
151,1,1179.055,395.885,16.226,13.767,0.473536,-1,-1,-1
152,1,1189.240,392.371,15.885,13.717,0.475407,-1,-1,-1
153,1,1198.326,390.340,15.708,13.206,0.441583,-1,-1,-1
154,1,1206.933,388.002,14.339,13.864,0.465722,-1,-1,-1
155,1,1213.510,387.076,14.211,13.550,0.469307,-1,-1,-1
156,1,1218.148,382.967,13.870,14.093,0.496204,-1,-1,-1
157,1,1220.964,378.922,14.180,13.087,0.438966,-1,-1,-1
158,1,1224.126,375.947,13.234,13.531,0.423339,-1,-1,-1
159,1,1226.099,373.375,13.744,13.336,0.468031,-1,-1,-1
160,1,1227.963,372.300,14.072,12.626,0.498326,-1,-1,-1
161,1,1229.652,370.241,13.175,12.774,0.467180,-1,-1,-1
162,1,1231.052,366.221,13.129,13.339,0.464294,-1,-1,-1
163,1,1232.823,363.786,13.569,13.982,0.458834,-1,-1,-1
164,1,1233.310,362.570,13.761,12.937,0.446857,-1,-1,-1
165,1,1233.081,361.062,13.444,12.455,0.463384,-1,-1,-1
166,1,1232.125,357.526,13.297,12.666,0.456622,-1,-1,-1
167,1,1230.896,355.150,12.807,12.785,0.455350,-1,-1,-1
168,1,1229.276,352.992,13.613,13.680,0.466359,-1,-1,-1
169,1,1227.313,350.977,14.037,12.727,0.496893,-1,-1,-1
170,1,1225.557,348.456,13.268,12.137,0.455622,-1,-1,-1
171,1,1223.528,346.418,13.400,12.726,0.443992,-1,-1,-1
172,1,1220.656,344.848,14.076,12.582,0.447008,-1,-1,-1
173,1,1217.400,342.399,13.184,13.160,0.514682,-1,-1,-1
174,1,1213.524,341.071,12.847,12.148,0.456349,-1,-1,-1
175,1,1209.422,339.950,13.279,11.976,0.496218,-1,-1,-1
176,1,1204.696,338.772,14.408,11.658,0.499426,-1,-1,-1
177,1,1199.506,336.417,14.174,12.029,0.471816,-1,-1,-1
178,1,1195.325,334.194,13.540,12.067,0.482368,-1,-1,-1
179,1,1189.846,333.139,13.741,12.203,0.453111,-1,-1,-1
180,1,1184.368,331.960,13.222,12.579,0.461350,-1,-1,-1
181,1,1176.962,329.614,13.870,12.344,0.441733,-1,-1,-1
182,1,1169.479,328.095,13.661,12.259,0.495354,-1,-1,-1
183,1,1161.102,327.877,13.472,11.492,0.503986,-1,-1,-1
184,1,1151.751,326.340,13.682,10.964,0.470950,-1,-1,-1
185,1,1142.258,323.867,13.640,11.383,0.419053,-1,-1,-1
186,1,1132.785,322.919,13.715,11.755,0.444233,-1,-1,-1
187,1,1122.676,322.324,13.964,12.044,0.474707,-1,-1,-1
188,1,1113.050,321.296,13.514,12.137,0.478407,-1,-1,-1
189,1,1103.252,320.598,14.210,12.268,0.482079,-1,-1,-1
190,1,1093.219,320.374,14.389,12.414,0.453171,-1,-1,-1
191,1,1083.732,319.480,14.294,12.198,0.467848,-1,-1,-1
192,1,1074.864,318.681,12.836,11.274,0.462473,-1,-1,-1
193,1,1064.941,317.681,13.692,11.589,0.496491,-1,-1,-1
194,1,1054.618,318.104,14.217,11.705,0.491410,-1,-1,-1
195,1,1044.172,318.488,14.261,11.792,0.480433,-1,-1,-1
196,1,1034.737,316.838,14.054,11.606,0.473870,-1,-1,-1
197,1,1024.800,316.408,13.990,11.282,0.469019,-1,-1,-1
198,1,1013.793,316.150,14.339,10.989,0.489801,-1,-1,-1
199,1,1003.228,316.541,14.598,11.282,0.470706,-1,-1,-1
200,1,992.795,316.002,13.928,11.473,0.474738,-1,-1,-1
201,1,981.938,314.768,13.914,10.577,0.426680,-1,-1,-1
202,1,971.774,313.585,13.814,10.835,0.435481,-1,-1,-1
203,1,961.757,312.607,13.589,11.450,0.462079,-1,-1,-1
204,1,951.479,313.216,13.406,11.078,0.473992,-1,-1,-1
205,1,941.959,312.487,14.042,11.401,0.478270,-1,-1,-1
206,1,932.154,310.779,14.307,11.955,0.476519,-1,-1,-1
207,1,922.946,310.229,13.489,11.860,0.477189,-1,-1,-1
208,1,914.186,310.073,13.678,12.029,0.478849,-1,-1,-1
209,1,906.156,309.702,12.697,12.017,0.494374,-1,-1,-1
210,1,897.706,309.593,13.383,11.960,0.479900,-1,-1,-1
211,1,890.125,309.409,12.833,11.593,0.437763,-1,-1,-1
212,1,881.923,308.472,13.005,12.058,0.482063,-1,-1,-1
213,1,873.185,307.781,13.603,11.949,0.490228,-1,-1,-1
214,1,864.704,306.721,13.600,12.003,0.517479,-1,-1,-1
215,1,855.837,306.650,13.636,11.288,0.485531,-1,-1,-1
216,1,846.437,305.781,13.229,11.110,0.483054,-1,-1,-1
217,1,835.398,305.058,14.180,10.931,0.458349,-1,-1,-1
218,1,822.480,304.133,14.584,10.979,0.469824,-1,-1,-1
219,1,807.551,303.837,15.279,10.684,0.476138,-1,-1,-1
220,1,789.225,302.434,16.798,10.537,0.413240,-1,-1,-1
221,1,768.143,302.239,17.312,10.008,0.427397,-1,-1,-1
222,1,743.904,303.081,18.054,10.615,0.379608,-1,-1,-1
223,1,726.006,302.458,16.707,10.574,0.322667,-1,-1,-1
224,1,698.189,307.669,16.226,10.662,0.204660,-1,-1,-1
225,1,674.817,309.830,18.406,11.914,0.298083,-1,-1,-1
226,1,651.880,312.727,18.015,11.500,0.357231,-1,-1,-1
227,1,625.429,315.296,20.887,11.584,0.412294,-1,-1,-1
228,1,601.503,318.060,19.467,11.472,0.410343,-1,-1,-1
229,1,578.376,319.472,18.444,12.583,0.367611,-1,-1,-1
230,1,556.479,320.311,17.717,12.530,0.328206,-1,-1,-1
231,1,536.673,322.535,17.727,11.586,0.287168,-1,-1,-1
232,1,517.225,325.176,17.084,11.124,0.336985,-1,-1,-1
233,1,501.476,326.548,15.049,10.922,0.462291,-1,-1,-1
234,1,489.257,327.849,14.841,11.062,0.474509,-1,-1,-1
235,1,480.729,329.471,13.454,11.610,0.478407,-1,-1,-1
236,1,474.948,329.650,12.684,11.262,0.333503,-1,-1,-1
237,1,469.869,331.505,12.734,10.563,0.285073,-1,-1,-1
238,1,465.279,333.495,12.281,10.492,0.222531,-1,-1,-1
239,1,459.496,333.953,13.843,11.127,0.384161,-1,-1,-1
240,1,454.601,336.321,12.918,10.682,0.396185,-1,-1,-1
241,1,448.152,336.987,13.651,11.124,0.399812,-1,-1,-1
242,1,442.374,337.310,14.552,11.949,0.307982,-1,-1,-1
243,1,438.891,339.656,11.825,11.838,0.353540,-1,-1,-1
244,1,434.847,340.871,12.666,10.754,0.293506,-1,-1,-1
245,1,433.845,341.570,13.243,11.399,0.446676,-1,-1,-1
246,1,434.612,342.809,12.282,12.402,0.377311,-1,-1,-1
247,1,433.906,343.955,12.472,10.577,0.317320,-1,-1,-1
248,1,431.762,343.845,12.456,11.491,0.386242,-1,-1,-1
249,1,428.236,345.123,12.318,11.081,0.359701,-1,-1,-1
250,1,422.749,347.733,13.124,10.765,0.363308,-1,-1,-1
251,1,416.259,347.850,16.126,11.557,0.204501,-1,-1,-1
252,1,410.036,349.633,11.874,9.820,0.374676,-1,-1,-1
253,1,406.271,345.759,12.695,11.019,0.182426,-1,-1,-1
254,1,401.043,344.724,14.454,12.176,0.256832,-1,-1,-1
255,1,395.961,345.506,14.830,12.251,0.289975,-1,-1,-1
256,1,393.513,347.055,13.103,11.340,0.358241,-1,-1,-1
257,1,390.879,348.165,12.023,11.813,0.433202,-1,-1,-1
258,1,387.357,350.546,13.502,10.870,0.495495,-1,-1,-1
259,1,385.968,350.644,12.788,11.111,0.517891,-1,-1,-1
260,1,383.839,350.094,12.526,10.426,0.447400,-1,-1,-1
261,1,381.489,350.339,13.613,10.754,0.483725,-1,-1,-1
262,1,379.920,350.776,13.910,11.482,0.472364,-1,-1,-1
263,1,379.220,352.188,13.857,12.271,0.487460,-1,-1,-1
264,1,378.877,353.153,13.933,12.520,0.493965,-1,-1,-1
265,1,379.969,353.350,13.504,12.912,0.512327,-1,-1,-1
266,1,380.865,354.857,13.991,12.802,0.472334,-1,-1,-1
267,1,383.811,356.987,13.563,12.778,0.454775,-1,-1,-1
268,1,386.196,359.393,12.706,12.057,0.458864,-1,-1,-1
269,1,387.067,359.784,12.744,12.168,0.469946,-1,-1,-1
270,1,387.717,361.021,13.130,12.337,0.487094,-1,-1,-1
271,1,388.498,362.450,13.706,12.838,0.503496,-1,-1,-1
272,1,389.919,364.238,13.155,13.349,0.513447,-1,-1,-1
273,1,389.855,364.077,13.286,13.002,0.495720,-1,-1,-1
274,1,389.884,363.844,13.354,13.525,0.507587,-1,-1,-1
275,1,389.615,365.090,13.115,13.899,0.474692,-1,-1,-1
276,1,388.644,367.978,12.799,12.545,0.463505,-1,-1,-1
277,1,387.296,370.050,12.589,11.765,0.458803,-1,-1,-1
278,1,385.960,370.118,12.649,12.365,0.456289,-1,-1,-1
279,1,384.457,371.060,12.918,12.209,0.454139,-1,-1,-1
280,1,384.142,372.266,13.161,12.007,0.469307,-1,-1,-1
281,1,384.288,373.651,13.260,12.394,0.492097,-1,-1,-1
282,1,383.984,374.214,12.923,11.971,0.477234,-1,-1,-1
283,1,383.828,374.404,12.489,11.874,0.449513,-1,-1,-1
284,1,382.589,375.203,13.128,12.319,0.463141,-1,-1,-1
285,1,381.396,375.777,13.808,12.788,0.486766,-1,-1,-1
286,1,380.688,375.594,13.569,13.058,0.462868,-1,-1,-1
287,1,379.763,376.218,13.589,13.040,0.451931,-1,-1,-1
288,1,378.471,377.233,13.823,12.870,0.471862,-1,-1,-1
289,1,377.295,377.143,13.131,13.133,0.460501,-1,-1,-1
290,1,376.912,377.571,12.443,12.694,0.440800,-1,-1,-1
291,1,375.272,379.063,13.104,11.898,0.425367,-1,-1,-1
292,1,373.558,379.174,12.494,12.123,0.427038,-1,-1,-1
293,1,371.701,379.259,12.783,12.174,0.444173,-1,-1,-1
294,1,370.283,379.420,13.284,12.366,0.438425,-1,-1,-1
295,1,368.908,379.429,13.650,12.979,0.463778,-1,-1,-1
296,1,368.382,379.237,13.260,12.580,0.460441,-1,-1,-1
297,1,368.107,379.653,12.748,12.834,0.450148,-1,-1,-1
298,1,367.332,380.511,12.483,12.089,0.452566,-1,-1,-1
299,1,366.238,379.988,12.769,12.603,0.466906,-1,-1,-1
300,1,364.072,379.606,13.270,12.326,0.444444,-1,-1,-1
301,1,362.965,379.635,13.430,12.171,0.452506,-1,-1,-1
302,1,362.243,379.851,13.253,12.841,0.445258,-1,-1,-1
303,1,359.165,379.053,13.954,13.102,0.452354,-1,-1,-1
304,1,356.105,378.007,14.975,13.286,0.454230,-1,-1,-1
305,1,354.693,378.376,13.063,12.509,0.424531,-1,-1,-1
306,1,350.539,378.910,13.446,12.341,0.439717,-1,-1,-1
307,1,345.263,378.346,13.927,12.738,0.474220,-1,-1,-1
308,1,339.410,377.577,14.399,12.884,0.422981,-1,-1,-1
309,1,333.388,378.303,14.594,12.520,0.396944,-1,-1,-1
310,1,326.627,377.910,15.571,12.741,0.363873,-1,-1,-1
311,1,319.169,376.831,15.377,13.222,0.394667,-1,-1,-1
312,1,312.031,376.927,15.322,12.668,0.313315,-1,-1,-1
313,1,306.776,377.193,14.139,12.266,0.227126,-1,-1,-1
314,1,352.787,328.304,19.102,15.180,0.222869,-1,-1,-1
315,1,341.487,326.837,16.443,15.678,0.380356,-1,-1,-1
316,1,326.502,326.967,16.847,15.145,0.366817,-1,-1,-1
317,1,312.572,327.337,16.964,15.586,0.393502,-1,-1,-1
318,1,299.084,326.887,17.180,15.353,0.330795,-1,-1,-1
319,1,259.986,372.970,14.523,13.121,0.191479,-1,-1,-1
320,1,281.527,326.727,15.094,14.702,0.338077,-1,-1,-1
321,1,273.122,326.940,17.033,14.361,0.337531,-1,-1,-1
322,1,256.130,379.953,18.857,14.535,0.335677,-1,-1,-1
323,1,259.331,382.400,14.996,17.416,0.444866,-1,-1,-1
324,1,263.496,388.017,14.639,14.472,0.416025,-1,-1,-1
325,1,266.169,386.331,15.578,14.981,0.362969,-1,-1,-1
326,1,272.393,386.177,13.992,14.017,0.444776,-1,-1,-1
327,1,274.928,385.362,16.833,14.543,0.446796,-1,-1,-1
328,1,282.918,386.578,14.651,13.690,0.463657,-1,-1,-1
329,1,287.782,388.580,15.805,13.722,0.447702,-1,-1,-1
330,1,294.182,390.978,14.732,13.030,0.472227,-1,-1,-1
331,1,299.705,394.484,15.030,12.613,0.485058,-1,-1,-1
332,1,305.382,395.731,15.950,12.446,0.465509,-1,-1,-1
333,1,311.712,395.432,14.993,12.371,0.375477,-1,-1,-1
334,1,318.300,396.076,14.743,12.464,0.361615,-1,-1,-1
335,1,325.234,398.623,16.632,13.815,0.442787,-1,-1,-1
336,1,334.915,402.187,15.395,14.149,0.408749,-1,-1,-1
337,1,343.498,408.728,16.035,14.531,0.515010,-1,-1,-1
338,1,352.857,411.610,15.898,13.505,0.438875,-1,-1,-1
339,1,361.747,414.702,16.301,14.048,0.492589,-1,-1,-1
340,1,371.029,420.137,16.031,14.721,0.509917,-1,-1,-1
341,1,379.321,423.518,16.995,13.856,0.486293,-1,-1,-1
342,1,389.949,426.233,15.774,13.945,0.515833,-1,-1,-1
343,1,399.499,430.170,16.383,14.034,0.541257,-1,-1,-1
344,1,408.443,433.950,15.888,15.329,0.507575,-1,-1,-1
345,1,417.337,437.859,16.295,14.122,0.494019,-1,-1,-1
346,1,425.822,440.559,16.289,13.695,0.518028,-1,-1,-1
347,1,434.311,443.800,16.834,14.693,0.523207,-1,-1,-1
348,1,442.813,447.672,16.491,14.077,0.517144,-1,-1,-1
349,1,450.800,450.331,15.981,15.018,0.511572,-1,-1,-1
350,1,457.513,453.551,16.527,14.817,0.513051,-1,-1,-1
351,1,464.089,456.741,15.601,14.928,0.509841,-1,-1,-1
352,1,470.732,460.453,15.335,14.309,0.522309,-1,-1,-1
353,1,475.141,463.750,15.858,14.100,0.517479,-1,-1,-1
354,1,479.110,466.221,15.975,14.579,0.469611,-1,-1,-1
355,1,480.334,469.844,18.051,14.358,0.445469,-1,-1,-1
356,1,484.697,474.749,17.925,13.450,0.382372,-1,-1,-1
357,1,492.862,470.181,18.489,13.154,0.191479,-1,-1,-1
358,1,505.560,467.362,15.835,14.222,0.474586,-1,-1,-1
359,1,514.922,465.825,16.634,14.237,0.516870,-1,-1,-1
360,1,525.522,464.181,15.375,13.991,0.553385,-1,-1,-1
361,1,533.916,464.389,16.501,13.792,0.490831,-1,-1,-1
362,1,543.414,464.790,16.047,14.254,0.514614,-1,-1,-1
363,1,551.800,466.372,15.776,14.971,0.499899,-1,-1,-1
364,1,560.250,468.699,15.580,14.479,0.472699,-1,-1,-1
365,1,566.767,472.516,16.869,15.240,0.476656,-1,-1,-1
366,1,572.698,474.217,16.318,14.827,0.536920,-1,-1,-1
367,1,577.027,472.579,14.901,15.007,0.494984,-1,-1,-1
368,1,579.247,471.964,15.175,14.288,0.336440,-1,-1,-1
369,1,584.054,472.515,15.577,14.645,0.285974,-1,-1,-1
370,1,523.467,529.846,12.704,11.085,0.201656,-1,-1,-1
371,1,511.319,541.271,14.572,13.399,0.171408,-1,-1,-1
372,1,495.336,591.598,16.250,9.749,0.232833,-1,-1,-1
373,1,477.339,616.507,15.159,12.122,0.197908,-1,-1,-1
374,1,465.429,588.812,13.934,11.174,0.195440,-1,-1,-1
375,1,448.281,605.044,14.730,11.790,0.166124,-1,-1,-1
376,1,432.207,614.426,14.730,11.790,0.141206,-1,-1,-1
377,1,416.133,623.807,14.730,11.790,0.120025,-1,-1,-1
378,1,480.181,559.000,5.819,16.255,0.274740,-1,-1,-1
379,1,478.159,553.716,11.611,13.353,0.233529,-1,-1,-1
380,1,529.422,478.407,17.111,15.692,0.506797,-1,-1,-1
381,1,521.661,479.184,16.676,15.457,0.506450,-1,-1,-1
382,1,513.341,479.040,17.150,15.215,0.502003,-1,-1,-1
383,1,504.771,479.303,17.095,15.811,0.485287,-1,-1,-1
384,1,496.564,480.775,16.820,13.978,0.417925,-1,-1,-1
385,1,487.663,480.758,17.368,15.088,0.367043,-1,-1,-1
386,1,481.428,482.139,14.778,14.249,0.300540,-1,-1,-1
387,1,471.827,483.100,16.024,14.653,0.255459,-1,-1,-1
388,1,463.009,484.518,16.024,14.653,0.217140,-1,-1,-1
389,1,459.012,482.873,12.149,13.150,0.181698,-1,-1,-1
390,1,453.419,484.084,16.111,14.489,0.212395,-1,-1,-1
391,1,448.494,483.941,15.910,14.494,0.376509,-1,-1,-1
392,1,442.125,484.081,18.811,14.954,0.293202,-1,-1,-1
393,1,437.309,487.937,16.152,12.480,0.336222,-1,-1,-1
394,1,432.133,487.899,16.452,13.828,0.285789,-1,-1,-1
395,1,489.458,462.728,38.944,20.639,0.301259,-1,-1,-1
396,1,508.394,460.898,24.325,16.212,0.256070,-1,-1,-1
397,1,611.527,430.497,36.631,17.989,0.300130,-1,-1,-1
398,1,669.521,415.676,35.878,18.183,0.323273,-1,-1,-1
399,1,725.210,401.044,31.168,17.306,0.274782,-1,-1,-1
400,1,782.818,391.596,34.728,18.105,0.299412,-1,-1,-1
401,1,836.793,382.392,34.289,16.722,0.270480,-1,-1,-1
402,1,888.645,374.844,33.495,17.139,0.467484,-1,-1,-1
403,1,938.092,368.970,32.321,17.167,0.440259,-1,-1,-1
404,1,985.490,364.671,30.324,16.881,0.479184,-1,-1,-1
405,1,1029.994,362.198,29.845,16.094,0.435241,-1,-1,-1
406,1,1072.416,361.555,27.860,15.954,0.469003,-1,-1,-1
407,1,1112.242,362.150,25.605,15.981,0.488306,-1,-1,-1
408,1,1147.726,364.381,25.297,16.916,0.435962,-1,-1,-1
409,1,1181.663,366.241,25.274,17.011,0.480463,-1,-1,-1
410,1,1214.004,371.005,25.046,16.672,0.478422,-1,-1,-1
411,1,1244.146,375.510,26.197,16.499,0.479504,-1,-1,-1
412,1,1275.340,380.650,24.860,17.799,0.491738,-1,-1,-1
413,1,1303.941,387.156,24.985,17.169,0.451840,-1,-1,-1
414,1,1333.875,395.342,25.120,17.985,0.462837,-1,-1,-1
415,1,1362.962,404.169,24.245,18.156,0.436622,-1,-1,-1
416,1,1391.327,414.640,25.516,20.526,0.468517,-1,-1,-1
417,1,1422.019,426.802,25.618,20.577,0.472394,-1,-1,-1
418,1,1453.643,440.968,24.717,19.686,0.448396,-1,-1,-1
419,1,1484.405,456.085,25.348,18.831,0.375134,-1,-1,-1
420,1,1518.188,468.347,23.091,17.732,0.444444,-1,-1,-1
421,1,1578.696,466.016,13.378,13.733,0.183155,-1,-1,-1
422,1,1540.754,447.293,22.646,19.942,0.399929,-1,-1,-1
423,1,1529.045,442.082,18.373,17.171,0.341692,-1,-1,-1
424,1,1515.679,434.635,19.354,20.865,0.359027,-1,-1,-1
425,1,1505.723,431.019,17.888,15.531,0.402979,-1,-1,-1
426,1,1496.795,426.720,17.394,16.327,0.455774,-1,-1,-1
427,1,1488.638,423.365,16.886,16.513,0.446223,-1,-1,-1
428,1,1479.609,421.068,19.486,19.640,0.501925,-1,-1,-1
429,1,1476.441,420.095,16.857,18.691,0.500448,-1,-1,-1
430,1,1469.578,419.923,17.846,16.774,0.455199,-1,-1,-1
431,1,1465.807,419.956,16.799,17.206,0.467210,-1,-1,-1
432,1,1461.336,422.577,17.155,16.541,0.459864,-1,-1,-1
433,1,1457.548,424.843,16.479,16.323,0.434821,-1,-1,-1
434,1,1454.694,428.721,16.646,15.198,0.357231,-1,-1,-1
435,1,1450.569,432.680,17.167,16.824,0.442576,-1,-1,-1
436,1,1447.696,438.502,15.464,15.747,0.470797,-1,-1,-1
437,1,1444.098,445.002,16.206,15.880,0.458743,-1,-1,-1
438,1,1440.760,452.802,16.896,15.556,0.392861,-1,-1,-1
439,1,1437.794,461.050,16.644,16.779,0.496620,-1,-1,-1
440,1,1434.046,470.068,17.429,18.050,0.537739,-1,-1,-1
441,1,1429.765,480.271,17.144,16.880,0.476991,-1,-1,-1
442,1,1426.482,491.255,16.571,17.448,0.492936,-1,-1,-1
443,1,1422.720,503.584,16.437,17.160,0.448426,-1,-1,-1
444,1,1418.015,516.686,16.910,18.940,0.518059,-1,-1,-1
445,1,1415.465,515.583,17.421,17.173,0.544529,-1,-1,-1
446,1,1415.024,511.466,15.967,16.312,0.525354,-1,-1,-1
447,1,1413.005,506.647,16.335,16.149,0.549641,-1,-1,-1
448,1,1411.173,503.556,16.643,15.280,0.504433,-1,-1,-1
449,1,1409.571,501.128,16.763,15.598,0.491410,-1,-1,-1
450,1,1407.837,499.715,17.090,16.176,0.501970,-1,-1,-1
451,1,1405.775,499.804,16.620,16.099,0.490472,-1,-1,-1
452,1,1402.989,500.350,17.263,16.181,0.540136,-1,-1,-1
453,1,1401.322,501.658,17.659,16.049,0.529765,-1,-1,-1
454,1,1399.513,504.198,17.192,15.919,0.512593,-1,-1,-1
455,1,1397.186,507.917,16.925,16.569,0.562657,-1,-1,-1
456,1,1394.900,512.907,16.829,16.345,0.519476,-1,-1,-1
457,1,1392.285,517.637,17.024,17.199,0.546315,-1,-1,-1
458,1,1389.738,524.885,17.275,17.099,0.512746,-1,-1,-1
459,1,1387.180,532.645,17.383,17.728,0.536100,-1,-1,-1
460,1,1384.344,541.206,17.841,18.032,0.534066,-1,-1,-1
461,1,1381.718,549.660,17.137,16.249,0.499575,-1,-1,-1
462,1,1380.206,545.841,16.820,17.223,0.499725,-1,-1,-1
463,1,1378.502,542.865,17.370,16.545,0.550245,-1,-1,-1
464,1,1376.697,540.362,17.691,16.655,0.510741,-1,-1,-1
465,1,1374.102,539.654,17.005,15.999,0.497192,-1,-1,-1
466,1,1371.344,539.499,17.750,16.519,0.507827,-1,-1,-1
467,1,1367.845,540.544,17.134,16.305,0.544529,-1,-1,-1
468,1,1364.218,542.547,17.671,16.058,0.533185,-1,-1,-1
469,1,1360.660,545.606,17.846,16.601,0.519719,-1,-1,-1
470,1,1357.006,549.599,17.576,16.524,0.542803,-1,-1,-1
471,1,1352.913,554.851,17.763,17.917,0.559410,-1,-1,-1
472,1,1349.798,560.898,17.718,17.547,0.506527,-1,-1,-1
473,1,1347.048,565.876,17.453,16.507,0.498804,-1,-1,-1
474,1,1344.627,563.436,18.297,17.313,0.516809,-1,-1,-1
475,1,1343.381,561.549,17.919,17.280,0.525445,-1,-1,-1
476,1,1341.807,561.117,16.877,16.466,0.508659,-1,-1,-1
477,1,1339.546,560.264,19.829,17.774,0.490190,-1,-1,-1
478,1,1355.196,561.894,16.312,12.959,0.342352,-1,-1,-1
479,1,1395.605,528.205,28.878,21.983,0.542197,-1,-1,-1
480,1,1427.354,513.282,28.845,21.971,0.441944,-1,-1,-1
481,1,1458.591,501.042,28.379,20.592,0.521730,-1,-1,-1
482,1,1488.885,488.968,26.822,20.464,0.555496,-1,-1,-1
483,1,1516.645,476.448,27.965,21.495,0.510496,-1,-1,-1
484,1,1542.451,464.904,25.246,19.346,0.405096,-1,-1,-1
485,1,1564.048,453.402,27.064,21.867,0.523162,-1,-1,-1
486,1,1587.180,443.615,25.073,20.836,0.455441,-1,-1,-1
487,1,1608.015,438.688,22.844,17.199,0.271059,-1,-1,-1
488,1,1631.690,430.465,21.790,18.272,0.369201,-1,-1,-1
489,1,1649.795,423.576,24.438,18.686,0.409339,-1,-1,-1
490,1,1664.462,420.537,23.305,19.581,0.486713,-1,-1,-1
491,1,1678.740,417.599,24.378,19.932,0.495098,-1,-1,-1
492,1,1692.989,415.509,23.494,19.188,0.479595,-1,-1,-1
493,1,1705.738,414.606,21.061,17.737,0.437042,-1,-1,-1
494,1,1715.216,413.668,22.873,18.845,0.445258,-1,-1,-1
495,1,1723.392,414.251,20.703,19.670,0.478316,-1,-1,-1
496,1,1726.508,411.094,24.343,25.761,0.423756,-1,-1,-1
497,1,1735.432,419.961,21.094,19.436,0.412589,-1,-1,-1
498,1,1741.305,423.712,21.690,20.056,0.447038,-1,-1,-1
499,1,1747.233,429.632,22.085,20.136,0.487956,-1,-1,-1
500,1,1755.243,435.206,22.647,21.449,0.470448,-1,-1,-1
501,1,1763.552,443.448,22.234,20.166,0.452022,-1,-1,-1
502,1,1771.046,452.626,23.547,20.928,0.507682,-1,-1,-1
503,1,1780.847,463.814,21.324,21.553,0.511739,-1,-1,-1
504,1,1788.093,475.947,22.201,20.738,0.512693,-1,-1,-1
505,1,1794.890,488.323,21.825,21.880,0.507331,-1,-1,-1
506,1,1796.870,501.973,22.214,23.952,0.495049,-1,-1,-1
507,1,1792.125,517.072,21.194,22.787,0.533397,-1,-1,-1
508,1,1784.089,533.437,21.751,22.379,0.470144,-1,-1,-1
509,1,1776.178,551.827,21.345,23.446,0.486484,-1,-1,-1
510,1,1768.591,572.154,21.561,25.296,0.454714,-1,-1,-1
511,1,1760.581,595.220,21.973,24.308,0.489557,-1,-1,-1
512,1,1753.281,617.397,22.077,25.223,0.515597,-1,-1,-1
513,1,1747.355,640.163,20.828,27.496,0.482124,-1,-1,-1
514,1,1742.560,657.451,21.879,21.831,0.503754,-1,-1,-1
515,1,1736.161,641.938,21.480,23.316,0.538316,-1,-1,-1
516,1,1730.812,629.133,20.591,21.119,0.508170,-1,-1,-1
517,1,1728.275,618.428,20.087,20.062,0.519354,-1,-1,-1
518,1,1726.414,607.048,20.039,20.238,0.520131,-1,-1,-1
519,1,1724.731,595.853,19.681,20.520,0.549218,-1,-1,-1
520,1,1722.711,586.638,19.750,19.956,0.551936,-1,-1,-1
521,1,1723.053,578.677,19.078,18.282,0.507785,-1,-1,-1
522,1,1722.742,571.313,19.484,18.922,0.506740,-1,-1,-1
523,1,1722.737,564.816,19.377,19.500,0.556520,-1,-1,-1
524,1,1723.085,560.796,19.346,18.026,0.545770,-1,-1,-1
525,1,1724.164,557.350,19.702,18.023,0.527347,-1,-1,-1
526,1,1725.259,556.122,19.603,17.539,0.508285,-1,-1,-1
527,1,1725.963,555.367,19.759,18.216,0.524029,-1,-1,-1
528,1,1726.751,555.764,20.317,18.168,0.522933,-1,-1,-1
529,1,1727.612,558.446,19.305,17.267,0.513234,-1,-1,-1
530,1,1729.248,561.653,19.625,18.522,0.511267,-1,-1,-1
531,1,1730.096,567.314,19.854,18.826,0.520420,-1,-1,-1
532,1,1731.173,573.840,19.917,19.156,0.512121,-1,-1,-1
533,1,1732.183,582.629,19.504,18.777,0.508727,-1,-1,-1
534,1,1734.413,592.560,19.011,19.838,0.530206,-1,-1,-1
535,1,1737.070,604.289,19.401,19.591,0.519994,-1,-1,-1
536,1,1739.356,617.288,19.823,21.531,0.517815,-1,-1,-1
537,1,1742.711,631.851,19.796,21.444,0.523755,-1,-1,-1
538,1,1746.039,648.774,19.498,20.890,0.508506,-1,-1,-1
539,1,1750.362,665.820,19.488,22.401,0.487033,-1,-1,-1
540,1,1754.127,684.654,19.468,18.616,0.448185,-1,-1,-1
541,1,1757.610,675.913,20.671,20.260,0.403684,-1,-1,-1
542,1,1762.680,668.883,20.340,18.384,0.438665,-1,-1,-1
543,1,1767.611,662.418,19.662,18.554,0.452657,-1,-1,-1
544,1,1773.100,656.440,19.681,18.923,0.458894,-1,-1,-1
545,1,1777.803,652.324,19.453,18.108,0.442426,-1,-1,-1
546,1,1784.367,649.007,20.474,18.160,0.463171,-1,-1,-1
547,1,1791.210,647.644,19.453,17.367,0.494923,-1,-1,-1
548,1,1796.994,646.508,20.379,17.532,0.488474,-1,-1,-1
549,1,1804.546,646.918,19.742,17.834,0.534005,-1,-1,-1
550,1,1811.643,649.077,20.751,18.553,0.512220,-1,-1,-1
551,1,1820.137,650.667,20.362,18.805,0.426979,-1,-1,-1
552,1,1828.634,655.034,21.569,19.844,0.521486,-1,-1,-1
553,1,1838.332,662.640,20.932,17.813,0.512685,-1,-1,-1
554,1,1847.538,669.435,21.641,19.467,0.517144,-1,-1,-1
555,1,1857.686,677.924,22.049,18.260,0.457137,-1,-1,-1
556,1,1870.160,687.723,23.454,18.971,0.356111,-1,-1,-1
557,1,1882.485,699.252,22.574,20.826,0.249630,-1,-1,-1
558,1,1893.994,709.040,22.289,19.480,0.212186,-1,-1,-1
559,1,1905.836,719.484,13.164,19.480,0.180358,-1,-1,-1
560,1,1917.678,729.928,1.322,19.480,0.153304,-1,-1,-1
561,1,1829.000,639.028,3.602,7.263,0.231962,-1,-1,-1
562,1,1803.717,587.666,7.242,10.110,0.181263,-1,-1,-1
563,1,1783.241,565.168,12.771,13.421,0.154074,-1,-1,-1
564,1,1762.672,534.609,12.771,13.421,0.130963,-1,-1,-1
565,1,1742.102,504.050,12.771,13.421,0.111318,-1,-1,-1
566,1,1721.533,473.491,12.771,13.421,0.094621,-1,-1,-1
571,1,1628.855,276.988,9.766,11.758,0.209470,-1,-1,-1
572,1,1608.485,239.842,11.719,12.839,0.178049,-1,-1,-1
573,1,1589.136,203.015,11.719,12.839,0.151342,-1,-1,-1
574,1,1569.786,166.188,11.719,12.839,0.128641,-1,-1,-1
575,1,1550.436,129.361,11.719,12.839,0.109344,-1,-1,-1
583,1,1527.081,651.750,20.417,20.122,0.529948,-1,-1,-1
584,1,1524.840,643.128,19.543,20.052,0.517876,-1,-1,-1
585,1,1519.703,636.064,20.239,19.442,0.546829,-1,-1,-1
586,1,1512.999,629.955,20.221,18.130,0.522278,-1,-1,-1
587,1,1505.995,626.714,19.426,17.668,0.535372,-1,-1,-1
588,1,1498.228,623.146,20.014,17.324,0.525871,-1,-1,-1
589,1,1492.822,621.610,18.165,16.350,0.553445,-1,-1,-1
590,1,1489.122,621.897,18.323,15.940,0.557002,-1,-1,-1
591,1,1486.026,622.426,18.127,16.413,0.512304,-1,-1,-1
592,1,1484.942,625.449,16.427,17.380,0.265880,-1,-1,-1
593,1,1484.312,629.025,15.332,14.474,0.300438,-1,-1,-1
594,1,1480.622,629.864,16.995,16.115,0.255372,-1,-1,-1
595,1,1478.573,632.082,16.995,16.115,0.217066,-1,-1,-1
596,1,1475.879,642.517,18.214,16.260,0.252753,-1,-1,-1
597,1,1471.309,651.039,15.978,17.425,0.380644,-1,-1,-1
598,1,1471.428,657.715,13.935,13.669,0.321460,-1,-1,-1
599,1,1471.680,660.170,15.028,12.353,0.222869,-1,-1,-1
600,1,1473.257,659.340,15.024,13.786,0.248899,-1,-1,-1
601,1,1474.775,657.409,14.384,13.347,0.245266,-1,-1,-1
602,1,1476.628,653.480,15.171,13.578,0.272411,-1,-1,-1
603,1,1479.709,646.594,16.574,15.721,0.255715,-1,-1,-1
604,1,1484.644,644.008,13.876,14.059,0.306735,-1,-1,-1
605,1,1488.804,637.737,16.821,15.589,0.388270,-1,-1,-1
606,1,1493.046,631.508,17.189,15.595,0.421195,-1,-1,-1
607,1,1497.191,625.633,18.005,16.120,0.411939,-1,-1,-1
608,1,1500.195,619.184,17.692,16.720,0.382487,-1,-1,-1
609,1,1503.615,613.683,17.836,18.054,0.266453,-1,-1,-1
610,1,1507.112,606.801,16.664,18.702,0.415136,-1,-1,-1
611,1,1509.438,603.071,16.261,16.917,0.350755,-1,-1,-1
612,1,1511.880,599.163,16.182,15.073,0.459682,-1,-1,-1
613,1,1515.171,596.698,15.807,14.350,0.260013,-1,-1,-1
614,1,1518.719,594.956,15.150,15.575,0.357007,-1,-1,-1
615,1,1522.526,593.911,15.403,15.862,0.398231,-1,-1,-1
616,1,1526.126,592.611,15.929,15.879,0.302597,-1,-1,-1
617,1,1531.194,591.941,14.032,15.141,0.265690,-1,-1,-1
618,1,1536.909,590.756,11.595,11.582,0.238284,-1,-1,-1
619,1,1543.595,589.602,8.404,11.092,0.253861,-1,-1,-1
620,1,1546.113,586.882,11.994,13.091,0.215782,-1,-1,-1
621,1,1550.729,585.110,11.994,13.091,0.183415,-1,-1,-1
622,1,1555.345,583.338,11.994,13.091,0.155902,-1,-1,-1
623,1,1566.109,574.587,16.848,14.897,0.409634,-1,-1,-1
624,1,1569.432,571.544,16.893,15.906,0.270673,-1,-1,-1
625,1,1573.493,569.892,16.593,14.625,0.263599,-1,-1,-1
626,1,1575.490,569.095,15.946,15.485,0.208501,-1,-1,-1
627,1,1578.836,569.739,16.245,14.122,0.262842,-1,-1,-1
628,1,1582.646,572.662,15.620,15.080,0.415729,-1,-1,-1
629,1,1584.025,577.267,15.522,13.783,0.391173,-1,-1,-1
630,1,1583.940,578.387,14.881,14.347,0.351200,-1,-1,-1
631,1,1577.339,571.826,16.987,15.544,0.290276,-1,-1,-1
632,1,1561.035,561.004,20.602,18.050,0.400749,-1,-1,-1
633,1,1536.511,550.542,22.492,15.843,0.426740,-1,-1,-1
634,1,1511.599,541.094,23.361,15.446,0.477935,-1,-1,-1
635,1,1488.152,532.851,22.801,16.061,0.503817,-1,-1,-1
636,1,1464.475,526.141,22.813,16.078,0.523131,-1,-1,-1
637,1,1441.449,519.870,21.474,15.759,0.506786,-1,-1,-1
638,1,1417.059,514.652,21.867,15.034,0.508933,-1,-1,-1
639,1,1395.620,510.734,21.537,15.056,0.503794,-1,-1,-1
640,1,1373.456,508.164,21.349,15.115,0.512662,-1,-1,-1
641,1,1352.135,506.342,20.664,14.268,0.491997,-1,-1,-1
642,1,1331.518,505.804,20.253,14.609,0.520283,-1,-1,-1
643,1,1312.450,506.698,20.010,13.911,0.473277,-1,-1,-1
644,1,1292.490,507.400,20.430,14.469,0.479290,-1,-1,-1
645,1,1272.794,510.556,19.821,13.720,0.501602,-1,-1,-1
646,1,1253.390,512.886,19.582,14.840,0.526343,-1,-1,-1
647,1,1234.881,515.720,18.640,14.379,0.520298,-1,-1,-1
648,1,1217.559,518.259,18.334,14.522,0.529096,-1,-1,-1
649,1,1200.507,523.005,18.867,14.335,0.524714,-1,-1,-1
650,1,1185.248,528.223,18.363,14.887,0.547948,-1,-1,-1
651,1,1170.079,535.571,17.905,13.940,0.529233,-1,-1,-1
652,1,1155.945,541.658,18.106,14.298,0.519156,-1,-1,-1
653,1,1144.051,548.183,17.841,14.242,0.237576,-1,-1,-1
654,1,1132.195,557.437,17.394,14.403,0.470022,-1,-1,-1
655,1,1120.242,566.053,16.470,15.128,0.488718,-1,-1,-1
656,1,1118.258,570.243,14.571,13.264,0.233532,-1,-1,-1
657,1,1105.939,577.807,16.410,14.142,0.198502,-1,-1,-1
658,1,1097.218,584.544,16.410,14.142,0.168727,-1,-1,-1
659,1,1088.497,591.282,16.410,14.142,0.143418,-1,-1,-1
660,1,1079.776,598.019,16.410,14.142,0.121905,-1,-1,-1
661,1,1094.729,660.307,14.983,17.895,0.354433,-1,-1,-1
662,1,1114.320,662.719,15.831,18.121,0.309545,-1,-1,-1
663,1,1113.280,681.537,15.883,16.388,0.263113,-1,-1,-1
664,1,1118.658,695.285,15.883,16.388,0.223646,-1,-1,-1
665,1,1124.035,709.032,15.883,16.388,0.190099,-1,-1,-1
666,1,1156.845,595.423,13.388,12.563,0.259826,-1,-1,-1
667,1,1157.291,602.869,14.565,14.700,0.359027,-1,-1,-1
668,1,1159.348,610.316,15.020,13.725,0.425188,-1,-1,-1
669,1,1161.939,618.080,13.624,14.959,0.205296,-1,-1,-1
670,1,1168.902,689.356,13.681,13.079,0.181263,-1,-1,-1
671,1,1235.202,670.398,11.539,12.060,0.192084,-1,-1,-1
672,1,1244.156,697.763,13.261,13.392,0.163272,-1,-1,-1
673,1,1237.580,672.310,17.759,16.587,0.326379,-1,-1,-1
674,1,1189.209,687.474,11.536,14.917,0.233182,-1,-1,-1
675,1,1197.758,692.061,13.681,14.653,0.198205,-1,-1,-1
676,1,1188.219,697.818,13.681,14.653,0.168474,-1,-1,-1
677,1,1178.680,703.575,13.681,14.653,0.143203,-1,-1,-1
678,1,1161.036,615.361,13.338,13.236,0.181989,-1,-1,-1
679,1,1156.899,615.679,15.668,13.834,0.485127,-1,-1,-1
680,1,1156.642,616.582,14.781,14.936,0.500572,-1,-1,-1
681,1,1156.435,619.351,14.456,13.854,0.495331,-1,-1,-1
682,1,1156.246,622.324,14.971,14.677,0.493191,-1,-1,-1
683,1,1156.324,627.145,15.052,14.638,0.508323,-1,-1,-1
684,1,1156.197,632.365,15.519,16.061,0.519902,-1,-1,-1
685,1,1157.058,639.061,15.185,16.272,0.501725,-1,-1,-1
686,1,1157.024,641.168,16.381,16.300,0.464355,-1,-1,-1
687,1,1158.428,637.984,15.654,17.079,0.468031,-1,-1,-1
688,1,1161.066,639.179,16.144,16.590,0.452475,-1,-1,-1
689,1,1165.216,644.832,16.657,16.682,0.417509,-1,-1,-1
690,1,1169.227,651.475,16.718,16.661,0.438394,-1,-1,-1
691,1,1173.131,652.066,16.759,16.571,0.225246,-1,-1,-1
692,1,1178.059,654.556,15.993,16.061,0.271928,-1,-1,-1
693,1,1177.419,656.407,20.271,18.324,0.443962,-1,-1,-1
694,1,1183.629,659.680,16.895,17.036,0.460804,-1,-1,-1
695,1,1185.753,664.293,17.538,16.569,0.509017,-1,-1,-1
696,1,1188.587,669.214,17.715,17.160,0.541227,-1,-1,-1
697,1,1190.116,672.193,17.354,16.416,0.534521,-1,-1,-1
698,1,1191.565,672.401,17.866,16.526,0.548280,-1,-1,-1
699,1,1193.042,673.726,17.947,16.260,0.520009,-1,-1,-1
700,1,1193.146,675.371,17.993,17.459,0.504093,-1,-1,-1
701,1,1193.241,677.966,17.697,16.298,0.526784,-1,-1,-1
702,1,1192.159,676.570,18.269,17.420,0.530997,-1,-1,-1
703,1,1191.816,675.880,17.732,17.818,0.490403,-1,-1,-1
704,1,1190.908,676.184,18.444,18.044,0.515422,-1,-1,-1
705,1,1189.456,677.070,19.140,17.918,0.517434,-1,-1,-1
706,1,1188.349,678.166,18.926,17.572,0.516916,-1,-1,-1
707,1,1186.352,677.000,18.983,17.601,0.479092,-1,-1,-1
708,1,1204.120,673.364,26.578,17.676,0.471436,-1,-1,-1
709,1,1231.916,669.200,27.978,19.105,0.525034,-1,-1,-1
710,1,1261.657,664.973,28.166,18.725,0.512243,-1,-1,-1
711,1,1290.948,663.210,28.175,18.606,0.530480,-1,-1,-1
712,1,1321.091,662.491,28.507,18.450,0.507652,-1,-1,-1
713,1,1351.090,663.165,28.920,18.749,0.516321,-1,-1,-1
714,1,1380.440,664.595,27.164,18.622,0.512022,-1,-1,-1
715,1,1408.520,666.692,28.193,19.232,0.504204,-1,-1,-1
716,1,1435.564,663.994,26.394,19.030,0.532607,-1,-1,-1
717,1,1461.218,662.019,26.742,18.780,0.515567,-1,-1,-1
718,1,1486.219,660.605,27.246,19.660,0.521837,-1,-1,-1
719,1,1512.119,660.746,25.521,19.247,0.555526,-1,-1,-1
720,1,1536.497,661.379,26.257,18.478,0.535949,-1,-1,-1
721,1,1562.008,663.459,26.688,18.608,0.517373,-1,-1,-1
722,1,1586.087,664.044,25.894,18.491,0.505047,-1,-1,-1
723,1,1608.980,662.841,26.101,18.846,0.521486,-1,-1,-1
724,1,1631.419,662.946,26.072,19.208,0.532334,-1,-1,-1
725,1,1654.212,664.367,26.927,19.557,0.513707,-1,-1,-1
726,1,1676.900,666.620,27.958,19.190,0.502083,-1,-1,-1
727,1,1700.009,667.454,26.243,19.457,0.491334,-1,-1,-1
728,1,1708.080,661.023,20.653,20.916,0.383064,-1,-1,-1
729,1,1701.384,652.147,20.184,19.281,0.459834,-1,-1,-1
730,1,1694.976,643.855,20.183,19.615,0.445258,-1,-1,-1
731,1,1687.664,636.721,20.776,19.911,0.459197,-1,-1,-1
732,1,1681.682,627.800,20.478,19.729,0.473201,-1,-1,-1
733,1,1674.803,622.167,20.964,19.259,0.484975,-1,-1,-1
734,1,1668.398,616.134,20.049,18.852,0.453867,-1,-1,-1
735,1,1662.081,609.577,18.809,17.625,0.502199,-1,-1,-1
736,1,1656.238,603.556,17.823,17.769,0.400925,-1,-1,-1
737,1,1649.361,597.698,16.690,17.984,0.320821,-1,-1,-1
738,1,1643.309,593.371,17.000,15.518,0.348978,-1,-1,-1
739,1,1638.519,589.321,10.919,14.634,0.328960,-1,-1,-1
740,1,1629.564,582.804,15.453,16.362,0.279616,-1,-1,-1
741,1,1561.269,641.346,16.085,22.011,0.290679,-1,-1,-1
742,1,1573.536,642.672,17.251,21.945,0.380126,-1,-1,-1
743,1,1590.066,646.545,17.331,21.298,0.227469,-1,-1,-1
744,1,1578.005,661.008,16.613,20.195,0.193349,-1,-1,-1
745,1,1577.280,671.016,16.613,20.195,0.164347,-1,-1,-1
746,1,1576.555,681.025,16.613,20.195,0.139695,-1,-1,-1
747,1,1575.829,691.033,16.613,20.195,0.118740,-1,-1,-1
748,1,1626.965,560.058,17.544,17.016,0.301876,-1,-1,-1
749,1,1627.573,558.898,17.037,16.041,0.357792,-1,-1,-1
750,1,1627.935,556.497,18.536,16.718,0.476732,-1,-1,-1
