1,1,1394.121,392.207,22.364,16.884,0.899543,-1,-1,-1
2,1,1406.142,390.738,23.905,17.328,0.902206,-1,-1,-1
3,1,1419.327,390.229,20.692,16.923,0.903494,-1,-1,-1
4,1,1430.510,391.136,20.253,16.386,0.899895,-1,-1,-1
5,1,1440.048,392.266,21.451,17.114,0.899737,-1,-1,-1
6,1,1448.946,395.089,22.135,17.689,0.902895,-1,-1,-1
7,1,1456.851,398.517,21.786,18.114,0.904535,-1,-1,-1
8,1,1464.428,403.323,22.062,17.269,0.905058,-1,-1,-1
9,1,1472.040,409.298,19.986,18.505,0.887161,-1,-1,-1
10,1,1478.371,416.224,20.601,18.172,0.898865,-1,-1,-1
11,1,1484.768,424.648,19.980,18.628,0.905873,-1,-1,-1
12,1,1491.075,434.249,20.568,17.424,0.897896,-1,-1,-1
13,1,1497.974,444.626,20.577,17.378,0.883460,-1,-1,-1
14,1,1503.600,455.710,20.325,18.400,0.894233,-1,-1,-1
15,1,1507.961,468.128,20.046,19.642,0.886295,-1,-1,-1
16,1,1512.450,481.690,20.730,19.809,0.899473,-1,-1,-1
17,1,1515.525,496.706,20.621,19.326,0.892278,-1,-1,-1
18,1,1518.789,511.905,21.077,21.518,0.903062,-1,-1,-1
19,1,1522.868,529.888,19.938,20.697,0.893746,-1,-1,-1
20,1,1526.263,547.579,20.143,21.143,0.881485,-1,-1,-1
21,1,1528.796,568.077,21.944,18.977,0.827056,-1,-1,-1
22,1,1535.109,587.522,20.164,20.954,0.883471,-1,-1,-1
23,1,1541.314,608.501,19.720,22.817,0.895637,-1,-1,-1
31,1,1582.640,599.698,20.966,16.998,0.893772,-1,-1,-1
32,1,1587.317,592.515,21.848,18.414,0.894602,-1,-1,-1
33,1,1592.517,587.516,21.341,17.626,0.897143,-1,-1,-1
34,1,1598.299,583.051,20.400,17.753,0.897269,-1,-1,-1
35,1,1602.619,579.155,20.589,16.592,0.903530,-1,-1,-1
36,1,1607.840,576.237,20.682,17.334,0.903730,-1,-1,-1
37,1,1612.813,575.203,20.428,17.733,0.903214,-1,-1,-1
38,1,1616.302,574.889,21.432,17.932,0.905179,-1,-1,-1
39,1,1620.269,576.150,21.898,17.763,0.903967,-1,-1,-1
40,1,1625.986,578.897,22.323,18.156,0.904540,-1,-1,-1
41,1,1632.618,582.830,20.412,17.635,0.895886,-1,-1,-1
42,1,1637.276,587.713,20.321,18.849,0.890813,-1,-1,-1
43,1,1640.330,593.843,21.371,18.069,0.849589,-1,-1,-1
44,1,1645.221,601.620,19.189,17.352,0.883237,-1,-1,-1
56,1,1431.438,611.232,31.492,16.282,0.916002,-1,-1,-1
57,1,1388.415,601.718,30.771,16.738,0.904532,-1,-1,-1
58,1,1348.058,595.669,30.950,16.671,0.899259,-1,-1,-1
61,1,1249.979,587.373,25.427,14.333,0.906545,-1,-1,-1
62,1,1220.555,587.536,25.413,14.207,0.908930,-1,-1,-1
63,1,1194.439,588.713,24.625,14.114,0.893026,-1,-1,-1
71,1,1032.273,532.972,21.690,14.899,0.894153,-1,-1,-1
72,1,1015.129,529.878,19.983,14.315,0.894607,-1,-1,-1
73,1,995.257,527.654,21.266,15.067,0.892644,-1,-1,-1
74,1,977.535,527.191,20.438,14.765,0.902322,-1,-1,-1
75,1,960.450,527.826,19.550,14.207,0.898594,-1,-1,-1
76,1,942.983,529.070,20.592,14.220,0.895628,-1,-1,-1
77,1,927.467,519.996,19.578,16.627,0.905475,-1,-1,-1
78,1,906.711,512.636,26.177,15.177,0.874336,-1,-1,-1
87,1,913.403,387.967,19.539,21.438,0.555956,-1,-1,-1
88,1,911.832,377.527,15.910,18.327,0.841864,-1,-1,-1
89,1,908.810,366.055,18.137,17.393,0.876125,-1,-1,-1
90,1,905.788,355.363,19.444,16.223,0.826955,-1,-1,-1
91,1,901.680,344.810,19.704,19.306,0.878484,-1,-1,-1
92,1,896.961,335.234,20.492,19.713,0.558000,-1,-1,-1
93,1,895.649,327.394,16.834,17.493,0.507835,-1,-1,-1
94,1,891.467,319.545,19.386,18.026,0.201971,-1,-1,-1
95,1,887.744,312.227,18.925,18.746,0.638046,-1,-1,-1
96,1,884.082,304.644,19.152,19.969,0.692299,-1,-1,-1
97,1,878.767,298.323,20.463,20.803,0.605975,-1,-1,-1
98,1,875.271,295.223,19.560,18.527,0.530617,-1,-1,-1
99,1,871.656,289.630,19.760,18.877,0.628179,-1,-1,-1
100,1,868.926,284.793,19.161,19.265,0.569314,-1,-1,-1
101,1,866.265,279.857,20.208,19.289,0.553113,-1,-1,-1
102,1,863.619,276.377,18.711,18.891,0.494404,-1,-1,-1
103,1,861.151,273.691,18.614,18.944,0.613294,-1,-1,-1
104,1,858.815,274.594,19.610,18.555,0.597021,-1,-1,-1
105,1,855.476,274.892,20.978,19.457,0.611092,-1,-1,-1
106,1,853.668,276.385,18.816,19.573,0.531909,-1,-1,-1
107,1,851.347,278.989,20.588,18.476,0.532820,-1,-1,-1
108,1,848.409,283.215,20.727,20.711,0.556249,-1,-1,-1
109,1,846.658,289.540,21.357,20.466,0.587382,-1,-1,-1
110,1,842.796,296.646,21.809,20.603,0.887250,-1,-1,-1
111,1,840.419,305.563,20.889,22.882,0.889339,-1,-1,-1
112,1,836.128,316.745,20.964,20.190,0.653127,-1,-1,-1
113,1,832.718,328.670,21.504,23.619,0.700485,-1,-1,-1
114,1,829.297,341.336,21.539,23.735,0.736675,-1,-1,-1
115,1,824.756,356.847,22.989,24.023,0.898209,-1,-1,-1
116,1,819.890,372.286,21.886,23.842,0.880333,-1,-1,-1
117,1,816.234,388.590,22.117,24.881,0.868228,-1,-1,-1
118,1,809.941,407.173,21.219,24.047,0.877231,-1,-1,-1
119,1,804.458,426.056,22.280,23.796,0.580058,-1,-1,-1
120,1,801.169,447.454,21.472,24.833,0.794786,-1,-1,-1
121,1,796.833,469.654,21.054,23.860,0.856361,-1,-1,-1
122,1,792.987,490.433,21.544,24.065,0.885480,-1,-1,-1
123,1,789.591,513.046,21.081,24.070,0.844575,-1,-1,-1
124,1,787.059,536.274,21.147,24.785,0.886091,-1,-1,-1
125,1,784.401,559.986,21.577,25.771,0.859581,-1,-1,-1
126,1,781.099,584.322,21.861,26.520,0.883796,-1,-1,-1
127,1,777.911,609.133,21.744,26.308,0.876781,-1,-1,-1
133,1,747.166,763.909,19.810,24.106,0.894927,-1,-1,-1
134,1,745.038,741.903,20.997,23.226,0.887174,-1,-1,-1
135,1,741.698,720.909,19.387,23.350,0.903770,-1,-1,-1
136,1,739.818,702.400,19.731,21.876,0.896521,-1,-1,-1
137,1,736.959,685.131,19.382,21.585,0.883700,-1,-1,-1
138,1,734.035,669.681,20.548,22.228,0.891421,-1,-1,-1
139,1,731.267,656.939,19.442,19.008,0.889249,-1,-1,-1
140,1,727.008,644.475,20.020,20.445,0.889629,-1,-1,-1
141,1,724.855,634.507,18.992,19.340,0.891924,-1,-1,-1
142,1,720.391,625.837,19.458,18.610,0.894018,-1,-1,-1
143,1,715.921,619.673,19.977,18.295,0.883861,-1,-1,-1
144,1,711.465,614.141,19.954,18.167,0.899384,-1,-1,-1
145,1,706.579,610.071,20.814,17.584,0.896041,-1,-1,-1
146,1,702.427,607.325,20.269,17.718,0.896725,-1,-1,-1
147,1,697.242,606.404,19.282,17.842,0.901687,-1,-1,-1
148,1,690.825,606.391,20.393,17.646,0.905056,-1,-1,-1
149,1,684.074,607.088,20.765,18.316,0.907723,-1,-1,-1
150,1,677.708,609.967,20.014,17.349,0.896926,-1,-1,-1
151,1,668.910,613.296,20.220,17.842,0.896395,-1,-1,-1
152,1,660.518,617.913,20.085,18.054,0.892200,-1,-1,-1
153,1,652.041,623.825,19.704,18.075,0.896857,-1,-1,-1
154,1,643.313,631.084,19.705,18.361,0.888650,-1,-1,-1
155,1,633.636,638.572,20.871,19.143,0.903561,-1,-1,-1
156,1,624.779,648.401,21.182,19.594,0.854818,-1,-1,-1
157,1,614.985,657.997,20.986,20.992,0.888979,-1,-1,-1
158,1,605.816,669.633,19.553,19.807,0.510192,-1,-1,-1
160,1,615.840,676.742,20.932,17.488,0.813921,-1,-1,-1
161,1,625.364,674.119,20.084,18.122,0.855753,-1,-1,-1
162,1,632.859,673.811,22.306,18.811,0.747813,-1,-1,-1
163,1,643.761,675.206,21.146,18.388,0.888954,-1,-1,-1
164,1,652.790,677.275,20.774,18.868,0.893425,-1,-1,-1
165,1,661.927,680.886,19.558,18.554,0.879248,-1,-1,-1
166,1,668.464,684.589,20.888,20.433,0.894822,-1,-1,-1
167,1,675.985,690.220,21.846,20.346,0.894175,-1,-1,-1
168,1,682.496,696.933,21.004,20.257,0.907595,-1,-1,-1
169,1,687.643,704.788,20.998,20.242,0.894921,-1,-1,-1
170,1,693.226,713.401,21.549,22.193,0.889053,-1,-1,-1
171,1,698.312,723.435,22.458,22.622,0.901184,-1,-1,-1
172,1,704.118,735.257,21.614,19.786,0.884293,-1,-1,-1
178,1,760.860,566.564,22.453,34.031,0.857153,-1,-1,-1
179,1,773.560,522.193,21.710,31.485,0.746164,-1,-1,-1
180,1,785.551,474.486,20.799,32.701,0.260766,-1,-1,-1
190,1,882.336,116.060,21.457,23.883,0.831345,-1,-1,-1
191,1,889.788,87.960,21.643,24.981,0.866328,-1,-1,-1
192,1,899.148,64.450,18.710,22.695,0.855496,-1,-1,-1
195,1,920.738,0.000,20.316,18.879,0.866010,-1,-1,-1
196,1,980.158,27.397,9.298,12.550,0.186687,-1,-1,-1
197,1,980.880,28.567,8.934,11.391,0.207215,-1,-1,-1
198,1,981.741,28.992,8.827,11.037,0.277179,-1,-1,-1
199,1,982.144,29.014,9.045,10.532,0.277375,-1,-1,-1
200,1,983.131,29.046,9.098,10.558,0.252568,-1,-1,-1
201,1,983.955,28.663,8.548,10.716,0.232484,-1,-1,-1
202,1,984.058,29.046,9.113,10.853,0.245627,-1,-1,-1
203,1,984.597,29.146,8.823,10.133,0.231788,-1,-1,-1
204,1,985.132,29.285,8.690,11.225,0.292595,-1,-1,-1
205,1,985.317,29.482,8.876,11.335,0.245085,-1,-1,-1
206,1,985.166,29.352,9.014,10.614,0.315420,-1,-1,-1
207,1,985.519,28.919,9.051,11.555,0.248170,-1,-1,-1
208,1,985.758,29.256,9.245,11.472,0.260013,-1,-1,-1
209,1,986.595,29.237,9.088,11.758,0.243822,-1,-1,-1
210,1,986.987,29.625,9.416,11.159,0.244363,-1,-1,-1
211,1,987.934,29.633,9.114,11.169,0.207375,-1,-1,-1
212,1,988.929,29.363,9.209,10.967,0.268558,-1,-1,-1
213,1,989.806,29.767,8.984,10.322,0.197444,-1,-1,-1
214,1,990.514,29.670,9.481,9.839,0.192236,-1,-1,-1
215,1,991.459,30.215,8.772,9.541,0.197599,-1,-1,-1
216,1,991.698,30.797,8.516,9.845,0.256646,-1,-1,-1
217,1,991.452,31.300,8.739,9.282,0.238107,-1,-1,-1
218,1,991.256,31.394,8.885,9.379,0.221687,-1,-1,-1
219,1,991.514,31.125,8.697,10.977,0.221687,-1,-1,-1
220,1,991.608,31.624,8.568,9.914,0.274838,-1,-1,-1
221,1,991.642,32.277,8.623,10.701,0.206414,-1,-1,-1
222,1,991.732,32.129,8.588,10.804,0.293303,-1,-1,-1
223,1,991.828,32.574,8.649,10.434,0.279238,-1,-1,-1
224,1,991.966,32.504,9.587,12.188,0.211743,-1,-1,-1
225,1,992.724,33.055,9.610,10.200,0.215516,-1,-1,-1
226,1,993.288,33.531,9.407,11.291,0.255529,-1,-1,-1
227,1,994.765,34.162,9.135,10.131,0.200401,-1,-1,-1
228,1,996.649,35.149,9.211,11.871,0.283385,-1,-1,-1
229,1,998.630,36.324,8.675,10.532,0.209955,-1,-1,-1
230,1,999.674,36.353,8.605,10.893,0.346984,-1,-1,-1
231,1,1001.155,37.014,9.041,11.930,0.306527,-1,-1,-1
232,1,1002.582,37.861,9.334,10.925,0.262842,-1,-1,-1
233,1,1004.294,38.574,8.983,9.964,0.239172,-1,-1,-1
234,1,1007.245,39.148,7.984,10.501,0.295738,-1,-1,-1
235,1,1007.739,39.832,8.666,9.953,0.243642,-1,-1,-1
236,1,1009.217,40.948,9.338,12.221,0.262653,-1,-1,-1
237,1,1011.025,42.429,9.017,9.044,0.275130,-1,-1,-1
238,1,1012.374,43.015,9.443,10.266,0.207696,-1,-1,-1
239,1,1015.007,43.555,9.024,11.291,0.238994,-1,-1,-1
240,1,1016.679,44.872,9.548,11.409,0.197290,-1,-1,-1
241,1,1019.300,46.176,9.202,10.553,0.319334,-1,-1,-1
242,1,1022.117,46.999,9.169,9.813,0.270866,-1,-1,-1
243,1,1025.552,47.772,8.560,9.650,0.292595,-1,-1,-1
244,1,1028.466,47.976,8.671,11.169,0.364099,-1,-1,-1
245,1,1031.784,48.585,8.419,11.634,0.300130,-1,-1,-1
246,1,1034.692,48.828,9.436,12.046,0.363195,-1,-1,-1
247,1,1037.917,49.167,9.349,10.365,0.264358,-1,-1,-1
248,1,1041.562,49.376,9.799,10.728,0.349311,-1,-1,-1
249,1,1045.564,48.996,9.246,9.939,0.294114,-1,-1,-1
250,1,1048.927,49.551,9.406,10.762,0.326808,-1,-1,-1
251,1,1054.123,49.313,9.645,9.262,0.280222,-1,-1,-1
252,1,1058.369,49.629,9.943,9.471,0.287768,-1,-1,-1
253,1,1062.673,50.398,9.549,9.014,0.328960,-1,-1,-1
254,1,1067.009,50.416,9.614,8.533,0.323273,-1,-1,-1
255,1,1071.702,50.301,9.029,8.844,0.299720,-1,-1,-1
256,1,1075.806,49.927,9.665,9.471,0.193452,-1,-1,-1
257,1,1080.113,49.297,9.583,9.252,0.326164,-1,-1,-1
258,1,1085.055,49.306,10.021,9.326,0.341473,-1,-1,-1
259,1,1090.030,49.006,9.704,9.307,0.395134,-1,-1,-1
260,1,1094.405,48.705,9.797,9.137,0.270577,-1,-1,-1
261,1,1098.835,49.166,10.012,9.391,0.311322,-1,-1,-1
262,1,1103.903,48.419,9.760,9.312,0.302494,-1,-1,-1
263,1,1108.889,48.325,10.346,9.119,0.284576,-1,-1,-1
264,1,1115.272,47.741,9.917,8.976,0.262275,-1,-1,-1
265,1,1121.427,47.080,10.003,9.578,0.305076,-1,-1,-1
266,1,1127.589,45.979,9.599,10.088,0.319334,-1,-1,-1
267,1,1133.432,45.613,10.750,9.817,0.288569,-1,-1,-1
268,1,1139.831,45.222,10.156,9.517,0.293810,-1,-1,-1
269,1,1145.569,44.585,10.708,9.696,0.255715,-1,-1,-1
270,1,1152.483,43.742,10.691,11.012,0.354880,-1,-1,-1
271,1,1159.726,43.154,10.256,9.673,0.306527,-1,-1,-1
272,1,1166.542,41.844,9.623,10.846,0.351422,-1,-1,-1
273,1,1173.347,41.419,10.846,12.285,0.376623,-1,-1,-1
274,1,1180.737,40.574,9.044,10.412,0.326701,-1,-1,-1
275,1,1187.714,40.196,9.485,9.325,0.422624,-1,-1,-1
276,1,1193.665,39.370,10.355,9.356,0.346984,-1,-1,-1
277,1,1200.329,38.004,10.175,10.094,0.372277,-1,-1,-1
278,1,1207.264,36.697,9.087,9.833,0.281504,-1,-1,-1
279,1,1213.073,36.211,10.635,9.950,0.334807,-1,-1,-1
280,1,1218.956,35.290,10.520,10.156,0.340485,-1,-1,-1
281,1,1224.185,34.213,11.161,9.829,0.270288,-1,-1,-1
282,1,1230.144,33.246,10.043,11.477,0.292797,-1,-1,-1
283,1,1234.728,32.137,9.873,9.907,0.333503,-1,-1,-1
284,1,1239.739,31.261,10.058,9.396,0.303319,-1,-1,-1
285,1,1244.007,30.201,10.662,10.175,0.314471,-1,-1,-1
286,1,1248.561,28.652,10.871,11.474,0.311636,-1,-1,-1
287,1,1253.261,28.324,10.728,9.904,0.307670,-1,-1,-1
288,1,1258.143,26.396,10.446,10.696,0.316369,-1,-1,-1
289,1,1262.669,25.476,9.888,11.774,0.332419,-1,-1,-1
290,1,1267.075,23.832,10.740,10.575,0.327561,-1,-1,-1
291,1,1271.690,22.852,10.271,9.957,0.279730,-1,-1,-1
292,1,1276.131,21.443,10.606,11.040,0.249813,-1,-1,-1
293,1,1279.701,20.750,11.070,10.662,0.251464,-1,-1,-1
294,1,1284.221,19.607,10.628,12.587,0.317532,-1,-1,-1
295,1,1287.806,17.896,10.650,13.860,0.259263,-1,-1,-1
296,1,1290.938,17.391,11.050,11.404,0.334372,-1,-1,-1
297,1,1293.603,16.322,10.594,10.289,0.355775,-1,-1,-1
298,1,1295.535,15.225,10.585,10.743,0.277375,-1,-1,-1
299,1,1295.900,15.163,10.233,9.709,0.225076,-1,-1,-1
300,1,1296.720,14.023,10.938,10.565,0.337204,-1,-1,-1
301,1,1297.386,12.920,11.108,10.726,0.378517,-1,-1,-1
302,1,1297.712,12.078,10.831,11.184,0.295840,-1,-1,-1
303,1,1296.983,11.160,10.985,11.194,0.246352,-1,-1,-1
304,1,1295.697,11.105,10.873,11.164,0.273089,-1,-1,-1
305,1,1293.909,11.209,10.573,10.539,0.270866,-1,-1,-1
308,1,1286.993,11.762,10.138,12.076,0.283186,-1,-1,-1
311,1,1090.432,576.876,16.450,16.339,0.874172,-1,-1,-1
312,1,1091.855,577.134,16.470,16.213,0.884155,-1,-1,-1
313,1,1092.714,579.241,16.322,15.220,0.883279,-1,-1,-1
314,1,1093.446,581.125,16.627,16.587,0.851670,-1,-1,-1
315,1,1095.531,584.644,14.124,13.702,0.488977,-1,-1,-1
322,1,1108.618,598.031,21.990,15.035,0.882426,-1,-1,-1
323,1,1129.097,597.945,19.513,14.415,0.879222,-1,-1,-1
324,1,1146.579,598.581,19.640,14.347,0.879600,-1,-1,-1
325,1,1165.692,596.284,18.329,17.652,0.888760,-1,-1,-1
326,1,1183.441,602.463,19.507,13.405,0.462503,-1,-1,-1
330,1,1253.177,615.954,21.249,14.833,0.900240,-1,-1,-1
331,1,1268.931,620.648,22.244,15.719,0.898784,-1,-1,-1
332,1,1285.236,626.001,21.519,15.787,0.893498,-1,-1,-1
333,1,1300.413,631.950,22.120,17.248,0.897958,-1,-1,-1
334,1,1316.600,640.313,20.879,16.954,0.902283,-1,-1,-1
335,1,1330.981,643.791,20.373,15.592,0.906575,-1,-1,-1
336,1,1343.180,641.038,20.194,15.559,0.905398,-1,-1,-1
337,1,1353.697,639.291,20.224,15.309,0.906704,-1,-1,-1
338,1,1366.083,638.693,19.392,15.285,0.898158,-1,-1,-1
339,1,1375.215,638.295,20.342,16.956,0.888536,-1,-1,-1
340,1,1385.708,639.709,19.390,14.960,0.866067,-1,-1,-1
349,1,1421.698,647.045,19.986,18.759,0.835950,-1,-1,-1
350,1,1421.469,647.478,17.938,18.922,0.864889,-1,-1,-1
351,1,1417.607,648.609,20.272,16.995,0.876920,-1,-1,-1
352,1,1416.547,649.929,18.749,16.223,0.882847,-1,-1,-1
353,1,1413.841,652.635,18.031,16.112,0.873983,-1,-1,-1
354,1,1408.618,656.222,19.467,15.431,0.886699,-1,-1,-1
355,1,1405.645,660.268,19.406,16.132,0.894982,-1,-1,-1
356,1,1400.293,658.304,19.147,16.138,0.901835,-1,-1,-1
357,1,1394.332,656.910,19.261,16.084,0.894472,-1,-1,-1
358,1,1388.447,656.985,18.165,15.321,0.881218,-1,-1,-1
359,1,1381.661,657.253,18.615,15.356,0.876046,-1,-1,-1
364,1,1363.873,665.791,19.815,15.393,0.883735,-1,-1,-1
365,1,1364.166,666.524,17.886,16.023,0.896461,-1,-1,-1
366,1,1362.880,667.739,18.859,17.060,0.896565,-1,-1,-1
367,1,1361.496,669.934,19.848,16.531,0.905241,-1,-1,-1
369,1,1356.869,672.501,20.061,15.861,0.894438,-1,-1,-1
370,1,1353.845,673.545,19.892,16.499,0.903894,-1,-1,-1
371,1,1350.179,674.478,18.920,16.542,0.904705,-1,-1,-1
380,1,1346.970,694.368,21.061,16.908,0.910583,-1,-1,-1
381,1,1360.033,701.103,22.700,17.541,0.910675,-1,-1,-1
382,1,1373.943,709.290,21.502,18.937,0.904767,-1,-1,-1
383,1,1387.458,719.532,22.023,18.329,0.904534,-1,-1,-1
384,1,1399.737,726.078,21.815,17.859,0.912582,-1,-1,-1
385,1,1411.059,731.574,22.340,18.112,0.910632,-1,-1,-1
386,1,1421.969,737.972,21.788,18.875,0.904685,-1,-1,-1
387,1,1431.567,745.331,21.673,18.016,0.909092,-1,-1,-1
388,1,1444.790,753.852,21.824,19.103,0.912884,-1,-1,-1
389,1,1456.257,763.339,21.905,19.671,0.910598,-1,-1,-1
390,1,1467.583,770.447,22.380,18.852,0.909459,-1,-1,-1
391,1,1479.698,776.095,22.613,18.829,0.917616,-1,-1,-1
392,1,1493.102,783.945,22.926,19.062,0.922665,-1,-1,-1
393,1,1506.113,790.903,23.847,19.208,0.917805,-1,-1,-1
394,1,1520.232,796.807,22.844,19.058,0.913779,-1,-1,-1
395,1,1532.234,802.100,23.514,19.573,0.910442,-1,-1,-1
396,1,1544.990,809.243,22.785,19.319,0.915598,-1,-1,-1
397,1,1554.380,815.195,24.721,19.441,0.921528,-1,-1,-1
398,1,1565.558,820.874,24.009,19.215,0.915085,-1,-1,-1
399,1,1575.495,827.214,23.866,20.749,0.912713,-1,-1,-1
400,1,1583.702,831.731,23.603,19.358,0.915229,-1,-1,-1
401,1,1590.922,835.958,24.157,20.801,0.918983,-1,-1,-1
402,1,1599.296,841.688,22.685,19.523,0.909290,-1,-1,-1
416,1,1630.313,861.203,23.663,20.867,0.900455,-1,-1,-1
417,1,1629.983,862.517,23.747,21.217,0.915237,-1,-1,-1
418,1,1630.954,862.806,24.118,21.284,0.918037,-1,-1,-1
419,1,1631.244,863.190,22.245,20.852,0.917095,-1,-1,-1
420,1,1631.722,863.855,22.299,21.130,0.916226,-1,-1,-1
421,1,1631.350,864.236,22.749,21.014,0.913225,-1,-1,-1
422,1,1630.973,865.544,22.859,20.610,0.910661,-1,-1,-1
423,1,1631.172,866.124,23.983,20.428,0.909407,-1,-1,-1
424,1,1631.706,866.123,21.948,20.841,0.910498,-1,-1,-1
425,1,1631.462,866.649,23.089,20.210,0.915572,-1,-1,-1
426,1,1631.268,867.035,23.673,20.734,0.916101,-1,-1,-1
427,1,1630.390,866.711,22.576,20.140,0.915946,-1,-1,-1
428,1,1629.198,866.858,22.073,20.175,0.915143,-1,-1,-1
438,1,1501.321,832.260,31.479,20.164,0.921131,-1,-1,-1
439,1,1470.569,823.280,29.820,19.122,0.915691,-1,-1,-1
440,1,1441.963,814.959,27.587,18.804,0.920053,-1,-1,-1
443,1,1365.522,790.968,26.032,17.924,0.918482,-1,-1,-1
444,1,1340.408,784.774,26.151,17.563,0.917522,-1,-1,-1
445,1,1318.036,776.868,25.271,17.226,0.913255,-1,-1,-1
446,1,1296.654,769.995,25.064,17.685,0.911108,-1,-1,-1
447,1,1277.320,764.487,22.975,16.031,0.907674,-1,-1,-1
448,1,1257.712,759.022,23.060,16.755,0.916492,-1,-1,-1
449,1,1236.521,752.354,23.123,17.220,0.910271,-1,-1,-1
454,1,1131.269,735.647,22.736,16.047,0.888025,-1,-1,-1
457,1,1075.613,724.909,23.482,16.833,0.895572,-1,-1,-1
458,1,1059.052,721.595,20.888,16.185,0.903187,-1,-1,-1
459,1,1043.217,719.606,19.783,16.140,0.896792,-1,-1,-1
460,1,1026.661,717.784,20.750,16.417,0.898553,-1,-1,-1
461,1,1013.786,717.636,19.151,16.005,0.897879,-1,-1,-1
462,1,999.596,714.844,20.858,16.673,0.901330,-1,-1,-1
463,1,989.611,711.157,19.509,16.824,0.892998,-1,-1,-1
464,1,979.734,708.634,18.664,16.372,0.889365,-1,-1,-1
465,1,970.158,706.777,18.594,16.322,0.893110,-1,-1,-1
466,1,960.068,706.358,18.929,15.924,0.898262,-1,-1,-1
467,1,950.404,705.489,19.547,17.773,0.894240,-1,-1,-1
468,1,944.813,703.048,19.667,16.343,0.901789,-1,-1,-1
469,1,939.306,700.005,18.707,16.600,0.905064,-1,-1,-1
470,1,933.559,698.320,18.393,16.660,0.899823,-1,-1,-1
471,1,927.165,697.456,17.564,16.515,0.900872,-1,-1,-1
472,1,921.821,697.701,17.562,16.518,0.902649,-1,-1,-1
473,1,915.232,699.324,18.417,15.728,0.901021,-1,-1,-1
474,1,910.782,698.364,16.894,16.304,0.903173,-1,-1,-1
475,1,905.882,697.198,18.028,16.037,0.911868,-1,-1,-1
476,1,901.033,695.927,18.606,17.024,0.916881,-1,-1,-1
477,1,897.251,696.164,17.987,16.796,0.912076,-1,-1,-1
478,1,892.493,696.761,19.061,16.259,0.907016,-1,-1,-1
479,1,888.708,694.386,18.074,16.157,0.900657,-1,-1,-1
480,1,886.757,693.170,17.815,16.465,0.901478,-1,-1,-1
481,1,882.930,692.953,18.342,16.449,0.900291,-1,-1,-1
482,1,881.099,690.958,17.937,16.847,0.903120,-1,-1,-1
483,1,878.048,689.466,18.327,16.172,0.902575,-1,-1,-1
484,1,874.453,687.850,18.354,16.301,0.898418,-1,-1,-1
485,1,872.317,686.528,17.500,16.196,0.899591,-1,-1,-1
486,1,870.443,684.204,17.825,16.471,0.902365,-1,-1,-1
487,1,868.556,683.044,17.487,16.181,0.897832,-1,-1,-1
488,1,865.342,682.174,17.976,16.228,0.890806,-1,-1,-1
489,1,863.102,679.888,17.708,15.853,0.889858,-1,-1,-1
490,1,861.889,677.869,17.333,15.674,0.892746,-1,-1,-1
491,1,861.250,675.949,17.154,15.591,0.894100,-1,-1,-1
492,1,861.117,674.655,16.526,15.381,0.897202,-1,-1,-1
493,1,860.674,672.312,16.040,15.251,0.903030,-1,-1,-1
494,1,859.405,671.510,16.964,15.035,0.902333,-1,-1,-1
495,1,859.112,670.244,17.110,15.145,0.900904,-1,-1,-1
497,1,860.856,673.827,16.427,15.883,0.889312,-1,-1,-1
498,1,859.714,681.343,18.253,16.537,0.892254,-1,-1,-1
499,1,862.140,687.553,17.141,17.712,0.904077,-1,-1,-1
500,1,862.411,696.184,18.283,17.807,0.908504,-1,-1,-1
501,1,863.252,705.254,18.359,17.440,0.903157,-1,-1,-1
502,1,862.605,712.743,18.507,17.561,0.902668,-1,-1,-1
503,1,864.235,717.661,17.510,18.329,0.899291,-1,-1,-1
504,1,865.375,724.498,17.678,17.674,0.911134,-1,-1,-1
505,1,868.134,731.972,17.731,17.701,0.907498,-1,-1,-1
506,1,868.974,738.378,18.562,16.673,0.899993,-1,-1,-1
507,1,872.312,741.099,17.966,17.457,0.903662,-1,-1,-1
508,1,874.182,744.175,19.312,17.857,0.899361,-1,-1,-1
509,1,877.424,748.009,19.509,18.330,0.905528,-1,-1,-1
510,1,880.541,753.284,19.290,19.167,0.908464,-1,-1,-1
511,1,883.824,760.373,19.403,18.241,0.906955,-1,-1,-1
512,1,886.366,767.929,19.398,19.366,0.904640,-1,-1,-1
513,1,889.203,774.665,20.842,18.785,0.912805,-1,-1,-1
514,1,893.081,776.900,20.431,18.529,0.914591,-1,-1,-1
515,1,897.114,780.869,19.938,18.702,0.915919,-1,-1,-1
516,1,900.081,784.644,20.431,18.815,0.918366,-1,-1,-1
517,1,904.867,790.058,20.166,18.903,0.910134,-1,-1,-1
518,1,908.225,796.872,19.112,19.458,0.897530,-1,-1,-1
519,1,911.478,802.121,20.080,18.582,0.899299,-1,-1,-1
520,1,915.122,804.868,19.622,20.009,0.911986,-1,-1,-1
521,1,918.226,809.899,20.280,19.924,0.908979,-1,-1,-1
522,1,922.795,816.095,20.852,20.163,0.912964,-1,-1,-1
523,1,927.656,820.131,20.834,19.368,0.912015,-1,-1,-1
524,1,933.033,824.221,20.727,19.365,0.912450,-1,-1,-1
525,1,938.021,829.371,20.178,20.144,0.904347,-1,-1,-1
526,1,942.545,835.528,21.004,19.741,0.908092,-1,-1,-1
527,1,948.145,839.501,20.257,19.563,0.910151,-1,-1,-1
528,1,952.880,843.201,21.887,20.210,0.919834,-1,-1,-1
529,1,960.636,848.722,20.678,18.960,0.913776,-1,-1,-1
530,1,966.503,851.991,21.115,19.832,0.906741,-1,-1,-1
531,1,972.639,856.040,20.508,19.488,0.904512,-1,-1,-1
532,1,978.544,860.565,20.679,20.653,0.907105,-1,-1,-1
533,1,985.402,864.334,20.420,19.466,0.910319,-1,-1,-1
534,1,991.645,866.843,21.217,19.570,0.911361,-1,-1,-1
535,1,979.964,867.581,23.976,19.653,0.916747,-1,-1,-1
536,1,968.195,865.765,21.779,19.597,0.910229,-1,-1,-1
537,1,956.397,864.051,23.165,19.574,0.911074,-1,-1,-1
538,1,947.487,863.301,22.028,19.736,0.919433,-1,-1,-1
539,1,938.293,863.826,20.686,19.816,0.906347,-1,-1,-1
540,1,929.387,862.613,21.609,20.342,0.899931,-1,-1,-1
541,1,921.707,861.461,20.803,19.576,0.902951,-1,-1,-1
542,1,913.289,861.266,21.913,19.846,0.901707,-1,-1,-1
543,1,905.226,861.977,21.895,19.768,0.898846,-1,-1,-1
544,1,898.541,860.091,21.743,20.231,0.898322,-1,-1,-1
545,1,893.087,859.213,21.329,20.500,0.909906,-1,-1,-1
546,1,885.000,858.912,21.489,20.399,0.905854,-1,-1,-1
547,1,878.447,860.148,20.865,20.222,0.895495,-1,-1,-1
548,1,872.508,859.566,20.163,20.453,0.899289,-1,-1,-1
549,1,866.630,859.519,20.562,20.399,0.903898,-1,-1,-1
550,1,861.854,861.049,21.241,20.800,0.902241,-1,-1,-1
551,1,858.616,861.126,20.608,20.249,0.894745,-1,-1,-1
552,1,855.979,860.407,20.514,19.877,0.888253,-1,-1,-1
553,1,853.473,860.946,19.991,19.763,0.892455,-1,-1,-1
554,1,849.802,860.335,21.713,19.302,0.894020,-1,-1,-1
555,1,847.093,859.343,20.426,20.556,0.897738,-1,-1,-1
556,1,843.616,860.349,19.977,20.182,0.896835,-1,-1,-1
557,1,840.242,859.879,20.707,20.519,0.902365,-1,-1,-1
558,1,838.444,860.278,20.529,18.786,0.896300,-1,-1,-1
559,1,835.526,861.018,22.390,18.951,0.884707,-1,-1,-1
560,1,833.060,860.270,22.386,19.445,0.888371,-1,-1,-1
561,1,830.386,860.777,21.252,18.746,0.899735,-1,-1,-1
562,1,826.558,860.995,20.674,19.699,0.669743,-1,-1,-1
563,1,823.422,860.730,21.392,19.594,0.874643,-1,-1,-1
564,1,820.675,860.412,21.088,19.006,0.898659,-1,-1,-1
565,1,817.312,861.058,20.352,19.189,0.894306,-1,-1,-1
566,1,814.505,862.566,19.342,18.804,0.903379,-1,-1,-1
567,1,811.571,862.247,19.937,19.117,0.899983,-1,-1,-1
568,1,808.301,862.366,20.983,19.403,0.890997,-1,-1,-1
569,1,806.582,863.280,19.454,19.496,0.896611,-1,-1,-1
570,1,803.545,862.501,20.600,19.081,0.894893,-1,-1,-1
571,1,802.083,862.348,20.017,18.877,0.894283,-1,-1,-1
572,1,801.001,863.175,19.197,19.338,0.904076,-1,-1,-1
573,1,799.935,864.592,18.698,19.268,0.904779,-1,-1,-1
574,1,799.313,863.468,19.425,18.817,0.900138,-1,-1,-1
575,1,797.571,862.799,19.734,18.668,0.897259,-1,-1,-1
576,1,795.371,863.614,20.234,18.518,0.895000,-1,-1,-1
577,1,795.514,865.440,20.654,18.873,0.904164,-1,-1,-1
578,1,796.452,866.430,20.614,18.721,0.902062,-1,-1,-1
579,1,797.317,865.847,20.434,19.022,0.902220,-1,-1,-1
580,1,797.684,865.626,20.195,19.243,0.904802,-1,-1,-1
581,1,797.224,866.464,20.749,18.683,0.904075,-1,-1,-1
582,1,797.705,865.465,20.057,18.614,0.901681,-1,-1,-1
583,1,797.772,864.762,19.983,18.790,0.902147,-1,-1,-1
584,1,796.909,864.153,20.053,18.601,0.896590,-1,-1,-1
585,1,794.809,863.266,21.515,18.532,0.895665,-1,-1,-1
586,1,794.485,862.158,21.255,18.522,0.892161,-1,-1,-1
587,1,794.919,861.264,20.514,18.677,0.887243,-1,-1,-1
588,1,794.485,860.335,20.130,18.531,0.886595,-1,-1,-1
589,1,793.657,858.833,20.584,19.157,0.897195,-1,-1,-1
590,1,792.919,857.059,21.283,18.873,0.895834,-1,-1,-1
591,1,792.647,855.346,19.985,19.226,0.898880,-1,-1,-1
592,1,792.852,853.494,20.069,18.243,0.906098,-1,-1,-1
593,1,792.233,851.386,20.833,18.408,0.908432,-1,-1,-1
594,1,791.539,849.479,20.581,18.224,0.909065,-1,-1,-1
595,1,790.858,846.900,20.083,19.106,0.907550,-1,-1,-1
596,1,788.853,845.167,19.939,18.802,0.912153,-1,-1,-1
597,1,786.788,842.532,21.060,19.344,0.900545,-1,-1,-1
598,1,784.980,840.661,21.540,18.863,0.902799,-1,-1,-1
599,1,783.632,837.705,21.375,19.368,0.903273,-1,-1,-1
600,1,782.591,835.854,20.970,18.424,0.901483,-1,-1,-1
601,1,780.313,833.438,20.639,18.509,0.901438,-1,-1,-1
602,1,777.205,832.047,20.685,18.487,0.896370,-1,-1,-1
603,1,775.357,830.065,21.361,18.115,0.889504,-1,-1,-1
604,1,774.314,827.831,20.980,18.551,0.892124,-1,-1,-1
605,1,772.174,824.704,21.272,19.040,0.899020,-1,-1,-1
606,1,771.113,821.908,20.526,17.934,0.901280,-1,-1,-1
607,1,768.275,819.615,21.129,18.456,0.905416,-1,-1,-1
608,1,768.176,816.785,18.855,18.062,0.902823,-1,-1,-1
609,1,765.695,812.949,19.699,19.622,0.905708,-1,-1,-1
610,1,763.083,811.037,19.721,19.284,0.905817,-1,-1,-1
611,1,760.355,808.820,20.026,19.244,0.906399,-1,-1,-1
612,1,755.612,806.505,20.862,19.547,0.903157,-1,-1,-1
613,1,750.774,804.470,21.694,19.000,0.900900,-1,-1,-1
614,1,746.747,802.651,20.600,18.781,0.895931,-1,-1,-1
615,1,741.074,800.881,20.850,19.070,0.901887,-1,-1,-1
616,1,735.469,799.265,21.673,19.298,0.905638,-1,-1,-1
617,1,729.434,797.528,22.522,19.561,0.901956,-1,-1,-1
618,1,723.583,795.314,22.088,19.486,0.907232,-1,-1,-1
619,1,716.388,792.885,22.319,19.007,0.911434,-1,-1,-1
620,1,709.122,791.610,21.735,18.211,0.911379,-1,-1,-1
621,1,702.048,789.560,22.441,19.351,0.912210,-1,-1,-1
622,1,694.575,787.494,22.064,19.606,0.913958,-1,-1,-1
623,1,685.967,785.634,24.302,20.448,0.911941,-1,-1,-1
624,1,679.274,783.392,23.936,20.349,0.901851,-1,-1,-1
625,1,671.806,781.409,25.046,21.035,0.909061,-1,-1,-1
626,1,664.120,780.746,24.193,21.013,0.911772,-1,-1,-1
627,1,656.831,779.917,24.406,21.407,0.911638,-1,-1,-1
628,1,649.082,777.308,24.410,21.078,0.909602,-1,-1,-1
629,1,641.430,775.956,23.492,21.042,0.906505,-1,-1,-1
630,1,633.015,774.644,24.298,21.085,0.913224,-1,-1,-1
631,1,625.245,773.005,25.167,21.598,0.913946,-1,-1,-1
632,1,618.295,771.140,25.864,20.998,0.907138,-1,-1,-1
633,1,609.146,769.942,25.356,21.099,0.905137,-1,-1,-1
634,1,601.272,769.529,24.730,21.520,0.908554,-1,-1,-1
635,1,591.205,768.191,25.712,22.119,0.899131,-1,-1,-1
636,1,581.250,766.616,26.429,22.153,0.905635,-1,-1,-1
637,1,572.721,765.451,27.014,23.084,0.908343,-1,-1,-1
638,1,563.354,764.968,27.520,22.148,0.904162,-1,-1,-1
639,1,553.659,764.629,27.305,22.792,0.905189,-1,-1,-1
640,1,542.325,763.945,27.547,23.281,0.904730,-1,-1,-1
641,1,532.081,763.677,27.579,22.986,0.902789,-1,-1,-1
642,1,521.203,762.868,28.125,23.222,0.911618,-1,-1,-1
643,1,510.094,762.667,29.210,23.879,0.908991,-1,-1,-1
644,1,498.881,762.072,29.526,23.899,0.906200,-1,-1,-1
645,1,486.431,760.761,29.268,24.155,0.903510,-1,-1,-1
646,1,476.121,760.250,29.205,23.557,0.896886,-1,-1,-1
647,1,465.613,759.972,29.358,24.377,0.911002,-1,-1,-1
648,1,454.846,758.854,29.696,24.629,0.910328,-1,-1,-1
649,1,443.509,758.014,29.553,24.985,0.910396,-1,-1,-1
650,1,430.965,757.460,30.351,25.419,0.908247,-1,-1,-1
651,1,419.008,757.239,31.606,24.446,0.909914,-1,-1,-1
652,1,408.860,756.058,29.212,24.543,0.914466,-1,-1,-1
653,1,398.036,756.250,29.098,23.676,0.916679,-1,-1,-1
654,1,385.278,755.471,30.519,24.719,0.918237,-1,-1,-1
655,1,374.001,755.255,30.184,24.749,0.911847,-1,-1,-1
656,1,363.266,754.982,30.758,24.664,0.917717,-1,-1,-1
657,1,353.066,754.058,30.883,24.966,0.914356,-1,-1,-1
658,1,343.925,753.884,29.390,25.157,0.916994,-1,-1,-1
659,1,332.787,753.384,30.924,26.707,0.917138,-1,-1,-1
660,1,323.977,754.095,30.556,26.199,0.916149,-1,-1,-1
661,1,315.854,752.960,30.952,26.839,0.913323,-1,-1,-1
662,1,308.446,752.720,30.809,26.310,0.914199,-1,-1,-1
663,1,303.032,752.627,29.797,26.182,0.915181,-1,-1,-1
664,1,296.798,752.427,30.596,26.587,0.915195,-1,-1,-1
665,1,289.443,753.043,29.578,25.839,0.920280,-1,-1,-1
666,1,281.264,753.479,30.824,26.688,0.917478,-1,-1,-1
667,1,272.482,753.847,31.259,26.752,0.914676,-1,-1,-1
668,1,265.734,754.998,29.655,26.165,0.913219,-1,-1,-1
669,1,256.939,755.278,30.793,26.269,0.911901,-1,-1,-1
670,1,250.076,754.914,30.664,27.142,0.919338,-1,-1,-1
671,1,243.613,756.031,31.094,26.272,0.913653,-1,-1,-1
672,1,237.725,755.144,29.889,25.582,0.913477,-1,-1,-1
673,1,230.460,756.013,31.576,25.706,0.916642,-1,-1,-1
674,1,221.431,757.178,30.654,25.750,0.913448,-1,-1,-1
675,1,212.015,756.544,31.937,26.719,0.913886,-1,-1,-1
676,1,203.117,756.908,32.069,26.739,0.914798,-1,-1,-1
677,1,194.980,757.166,31.894,27.536,0.920487,-1,-1,-1
678,1,186.272,757.952,31.654,26.525,0.916604,-1,-1,-1
679,1,180.252,757.751,31.039,26.399,0.917662,-1,-1,-1
680,1,174.599,758.028,30.735,26.533,0.917153,-1,-1,-1
681,1,166.587,757.614,31.308,26.766,0.910059,-1,-1,-1
682,1,161.500,757.313,30.760,27.324,0.907291,-1,-1,-1
683,1,153.583,758.623,33.105,26.672,0.910700,-1,-1,-1
684,1,147.679,759.237,32.105,27.594,0.913382,-1,-1,-1
685,1,142.119,759.063,32.265,27.283,0.920648,-1,-1,-1
686,1,136.342,758.105,31.877,26.962,0.919015,-1,-1,-1
687,1,128.835,758.231,32.345,27.409,0.916833,-1,-1,-1
688,1,122.926,758.373,31.986,27.314,0.911884,-1,-1,-1
689,1,116.169,757.367,30.928,26.913,0.910333,-1,-1,-1
690,1,110.435,757.112,30.949,27.020,0.910305,-1,-1,-1
691,1,104.627,758.047,32.452,26.223,0.911526,-1,-1,-1
692,1,98.844,758.473,32.406,26.525,0.914785,-1,-1,-1
693,1,94.755,758.185,31.848,26.982,0.920436,-1,-1,-1
694,1,92.047,758.209,31.545,27.364,0.921675,-1,-1,-1
695,1,88.071,758.331,31.977,27.702,0.924377,-1,-1,-1
696,1,84.493,758.782,31.490,27.279,0.921963,-1,-1,-1
697,1,80.031,759.427,32.872,27.146,0.916895,-1,-1,-1
698,1,76.132,759.500,32.604,27.093,0.914549,-1,-1,-1
699,1,72.944,759.139,32.307,27.122,0.917253,-1,-1,-1
700,1,69.340,759.621,32.152,26.934,0.914492,-1,-1,-1
701,1,65.385,759.753,32.592,27.618,0.915591,-1,-1,-1
702,1,61.614,760.664,32.318,27.427,0.912630,-1,-1,-1
703,1,58.856,761.562,31.540,27.118,0.914337,-1,-1,-1
704,1,57.065,762.322,31.193,27.076,0.913022,-1,-1,-1
705,1,54.388,762.733,32.286,26.726,0.911749,-1,-1,-1
706,1,51.257,762.897,33.829,26.703,0.912475,-1,-1,-1
707,1,49.621,762.792,34.098,27.132,0.913234,-1,-1,-1
708,1,49.163,763.242,32.548,26.514,0.910712,-1,-1,-1
709,1,48.502,763.887,31.846,26.376,0.909032,-1,-1,-1
710,1,46.969,763.934,31.345,26.117,0.908593,-1,-1,-1
711,1,44.772,764.080,31.362,26.743,0.910731,-1,-1,-1
712,1,42.544,764.517,31.619,26.629,0.914114,-1,-1,-1
713,1,40.828,764.577,31.916,26.313,0.915173,-1,-1,-1
714,1,39.587,764.446,31.194,26.775,0.917903,-1,-1,-1
715,1,37.701,764.292,31.658,26.969,0.919137,-1,-1,-1
716,1,36.510,764.108,31.879,26.970,0.916512,-1,-1,-1
717,1,35.742,764.155,31.841,27.153,0.917971,-1,-1,-1
718,1,35.324,764.456,32.294,27.163,0.918284,-1,-1,-1
719,1,35.092,765.041,32.341,27.182,0.917608,-1,-1,-1
720,1,35.566,765.590,31.703,26.988,0.917235,-1,-1,-1
721,1,35.883,766.287,31.913,26.833,0.920130,-1,-1,-1
722,1,36.494,766.674,31.850,26.840,0.921512,-1,-1,-1
723,1,36.937,767.160,31.745,26.873,0.921297,-1,-1,-1
724,1,37.434,767.537,31.896,26.888,0.918789,-1,-1,-1
725,1,37.725,768.084,32.224,26.781,0.919822,-1,-1,-1
726,1,38.187,768.237,31.911,27.276,0.921132,-1,-1,-1
727,1,39.069,768.595,31.835,27.416,0.919809,-1,-1,-1
728,1,40.242,769.570,32.112,27.022,0.920052,-1,-1,-1
729,1,42.085,769.557,32.360,27.098,0.920478,-1,-1,-1
730,1,45.143,769.660,31.933,27.018,0.919054,-1,-1,-1
731,1,48.446,769.535,32.455,26.447,0.914830,-1,-1,-1
732,1,52.696,768.873,32.042,26.204,0.912805,-1,-1,-1
733,1,58.106,768.034,31.352,26.063,0.907531,-1,-1,-1
734,1,63.409,766.634,32.143,26.256,0.905579,-1,-1,-1
735,1,70.300,765.510,32.604,25.962,0.916475,-1,-1,-1
736,1,78.155,764.118,33.667,25.776,0.917845,-1,-1,-1
737,1,86.154,762.173,31.791,26.675,0.918375,-1,-1,-1
738,1,93.265,760.984,32.387,26.205,0.920517,-1,-1,-1
739,1,100.425,759.861,32.642,25.529,0.913085,-1,-1,-1
740,1,110.535,758.638,30.082,25.336,0.910138,-1,-1,-1
741,1,119.534,757.427,32.237,25.466,0.917137,-1,-1,-1
742,1,130.102,756.000,30.434,23.848,0.914851,-1,-1,-1
743,1,140.830,754.794,30.478,24.228,0.919573,-1,-1,-1
744,1,150.473,753.417,30.681,24.526,0.919306,-1,-1,-1
745,1,161.877,752.439,28.967,23.903,0.913153,-1,-1,-1
746,1,172.169,751.201,30.153,24.091,0.919430,-1,-1,-1
747,1,182.102,750.560,29.810,22.967,0.919818,-1,-1,-1
748,1,192.157,749.725,29.777,23.155,0.912669,-1,-1,-1
749,1,200.905,748.131,30.596,23.631,0.918112,-1,-1,-1
750,1,210.317,747.075,30.045,23.775,0.916175,-1,-1,-1
