1,1,345.014,292.423,10.450,12.974,0.331228,-1,-1,-1
2,1,345.268,292.566,9.977,11.897,0.315420,-1,-1,-1
3,1,345.174,292.558,9.883,11.452,0.301979,-1,-1,-1
4,1,345.308,292.654,9.743,10.813,0.255158,-1,-1,-1
5,1,345.382,293.548,8.826,9.502,0.578151,-1,-1,-1
6,1,345.392,293.566,8.482,8.132,0.561696,-1,-1,-1
7,1,344.938,293.498,8.968,8.050,0.577793,-1,-1,-1
8,1,345.246,294.100,8.736,7.457,0.463201,-1,-1,-1
9,1,345.301,294.104,8.605,7.246,0.195748,-1,-1,-1
10,1,346.508,294.206,7.659,7.215,0.195440,-1,-1,-1
11,1,346.190,293.905,8.435,7.827,0.166124,-1,-1,-1
12,1,346.478,293.943,8.435,7.827,0.141206,-1,-1,-1
13,1,346.766,293.981,8.435,7.827,0.120025,-1,-1,-1
14,1,347.054,294.019,8.435,7.827,0.102021,-1,-1,-1
15,1,346.621,293.034,7.592,7.786,0.315103,-1,-1,-1
16,1,346.403,292.848,8.140,7.813,0.267838,-1,-1,-1
17,1,346.435,292.651,8.140,7.813,0.227662,-1,-1,-1
18,1,347.225,292.144,6.820,7.181,0.205615,-1,-1,-1
19,1,346.852,291.585,7.678,7.592,0.174773,-1,-1,-1
20,1,346.914,291.194,7.678,7.592,0.148557,-1,-1,-1
21,1,346.976,290.802,7.678,7.592,0.126273,-1,-1,-1
22,1,347.038,290.411,7.678,7.592,0.107332,-1,-1,-1
23,1,347.863,290.629,6.500,7.419,0.253861,-1,-1,-1
24,1,347.577,290.288,7.266,7.531,0.215782,-1,-1,-1
25,1,347.216,290.267,7.067,6.730,0.208985,-1,-1,-1
26,1,348.386,289.608,5.977,7.023,0.204025,-1,-1,-1
27,1,347.782,287.887,6.555,8.105,0.187133,-1,-1,-1
28,1,347.823,287.698,6.694,7.498,0.159063,-1,-1,-1
29,1,347.856,286.980,6.694,7.498,0.135203,-1,-1,-1
30,1,347.890,286.261,6.694,7.498,0.114923,-1,-1,-1
31,1,347.080,283.828,10.611,10.606,0.209955,-1,-1,-1
32,1,348.636,284.084,8.065,8.586,0.178462,-1,-1,-1
33,1,351.216,281.305,6.127,8.857,0.243103,-1,-1,-1
34,1,352.232,279.672,7.505,9.349,0.373647,-1,-1,-1
35,1,354.409,279.613,7.328,8.687,0.243463,-1,-1,-1
36,1,356.064,279.481,7.670,8.526,0.198375,-1,-1,-1
37,1,359.593,278.594,6.994,8.003,0.266071,-1,-1,-1
38,1,361.408,277.688,7.316,8.474,0.226160,-1,-1,-1
39,1,365.640,276.284,6.470,8.654,0.207696,-1,-1,-1
40,1,367.836,275.186,8.122,8.712,0.368519,-1,-1,-1
41,1,370.526,274.232,8.409,9.660,0.196826,-1,-1,-1
42,1,375.449,272.633,7.741,10.227,0.366703,-1,-1,-1
43,1,378.291,272.390,9.225,9.220,0.250179,-1,-1,-1
44,1,384.176,272.299,7.454,9.431,0.308711,-1,-1,-1
45,1,387.598,272.143,8.543,8.838,0.300951,-1,-1,-1
46,1,392.343,271.697,7.776,9.364,0.373419,-1,-1,-1
47,1,399.158,271.971,6.010,8.683,0.318273,-1,-1,-1
48,1,402.445,271.656,8.067,8.734,0.278944,-1,-1,-1
49,1,408.546,271.642,7.010,8.718,0.243103,-1,-1,-1
50,1,412.076,270.809,10.185,11.561,0.213377,-1,-1,-1
51,1,418.120,271.632,8.365,9.807,0.181371,-1,-1,-1
52,1,423.946,271.252,7.132,9.234,0.236340,-1,-1,-1
53,1,429.604,271.709,7.232,8.595,0.258888,-1,-1,-1
54,1,435.741,271.156,7.263,9.166,0.316264,-1,-1,-1
55,1,442.400,271.847,5.886,9.157,0.338952,-1,-1,-1
56,1,447.762,271.778,7.787,9.432,0.381623,-1,-1,-1
57,1,453.927,271.938,7.007,8.907,0.225417,-1,-1,-1
58,1,459.310,271.840,7.595,8.794,0.285272,-1,-1,-1
59,1,464.454,271.679,7.959,9.307,0.390592,-1,-1,-1
60,1,471.519,271.939,5.822,8.248,0.316264,-1,-1,-1
61,1,476.619,272.496,7.672,9.123,0.346541,-1,-1,-1
62,1,482.057,271.940,7.210,8.996,0.271541,-1,-1,-1
63,1,487.816,271.722,7.916,9.101,0.387516,-1,-1,-1
64,1,492.419,272.281,8.467,9.445,0.328637,-1,-1,-1
65,1,499.301,272.588,7.886,8.794,0.367611,-1,-1,-1
66,1,505.119,271.876,7.062,9.258,0.394434,-1,-1,-1
67,1,512.355,273.036,7.081,8.468,0.331444,-1,-1,-1
68,1,519.581,273.284,7.547,9.295,0.450480,-1,-1,-1
69,1,527.516,273.219,6.857,7.811,0.379378,-1,-1,-1
70,1,534.851,274.066,8.649,8.292,0.181989,-1,-1,-1
71,1,543.471,275.247,5.802,8.358,0.327453,-1,-1,-1
72,1,550.590,275.626,7.058,8.446,0.278335,-1,-1,-1
73,1,609.964,209.075,15.806,5.739,0.203866,-1,-1,-1
74,1,611.734,133.035,18.958,15.762,0.202601,-1,-1,-1
75,1,620.408,135.068,18.453,14.684,0.214034,-1,-1,-1
76,1,641.835,95.812,15.047,11.893,0.181929,-1,-1,-1
77,1,636.395,138.405,21.086,9.595,0.255344,-1,-1,-1
78,1,646.585,140.617,19.370,15.691,0.227469,-1,-1,-1
79,1,655.859,137.868,17.934,12.700,0.193349,-1,-1,-1
80,1,664.010,139.128,17.934,12.700,0.164347,-1,-1,-1
81,1,674.219,147.798,18.918,14.861,0.213869,-1,-1,-1
82,1,683.309,151.823,18.278,13.456,0.181789,-1,-1,-1
83,1,692.241,155.681,18.278,13.456,0.154521,-1,-1,-1
84,1,701.172,159.539,18.278,13.456,0.131343,-1,-1,-1
85,1,710.103,163.397,18.278,13.456,0.111641,-1,-1,-1
87,1,721.798,159.530,17.409,15.147,0.222362,-1,-1,-1
88,1,729.242,161.977,17.974,14.048,0.189008,-1,-1,-1
89,1,736.875,163.723,17.974,14.048,0.160657,-1,-1,-1
90,1,744.508,165.469,17.974,14.048,0.136558,-1,-1,-1
91,1,752.140,167.215,17.974,14.048,0.116074,-1,-1,-1
99,1,482.835,551.646,15.037,13.204,0.454049,-1,-1,-1
100,1,487.429,550.805,14.328,13.349,0.459804,-1,-1,-1
101,1,491.752,549.653,14.806,13.548,0.485066,-1,-1,-1
102,1,495.681,548.972,14.584,14.073,0.455047,-1,-1,-1
103,1,499.840,549.120,14.054,13.525,0.258700,-1,-1,-1
104,1,505.185,548.964,13.670,15.544,0.271348,-1,-1,-1
105,1,509.035,549.301,14.201,14.267,0.230646,-1,-1,-1
106,1,514.359,548.215,16.352,16.819,0.252200,-1,-1,-1
107,1,520.323,547.337,15.012,15.233,0.302288,-1,-1,-1
108,1,526.983,547.296,17.560,16.545,0.319652,-1,-1,-1
109,1,532.666,547.510,12.821,12.879,0.227641,-1,-1,-1
110,1,538.892,546.854,16.921,14.697,0.322526,-1,-1,-1
111,1,539.742,540.683,17.967,14.663,0.343782,-1,-1,-1
112,1,540.254,538.169,12.753,13.353,0.467696,-1,-1,-1
113,1,542.222,534.825,13.234,12.922,0.446223,-1,-1,-1
114,1,543.742,530.574,12.439,12.544,0.446827,-1,-1,-1
115,1,545.009,527.049,12.292,12.536,0.457743,-1,-1,-1
116,1,546.146,523.568,12.326,12.366,0.475194,-1,-1,-1
117,1,547.391,521.062,12.470,11.474,0.462716,-1,-1,-1
118,1,550.092,517.995,12.007,11.161,0.486537,-1,-1,-1
119,1,551.815,514.853,11.811,11.541,0.487590,-1,-1,-1
120,1,553.871,513.155,12.039,11.519,0.493790,-1,-1,-1
121,1,556.461,511.636,11.527,10.510,0.448305,-1,-1,-1
122,1,558.263,508.064,11.437,11.119,0.462746,-1,-1,-1
123,1,560.802,506.290,11.015,10.499,0.462230,-1,-1,-1
124,1,562.441,504.226,11.793,11.030,0.471999,-1,-1,-1
125,1,563.908,503.336,11.404,10.544,0.477539,-1,-1,-1
126,1,565.271,501.351,12.112,10.643,0.487757,-1,-1,-1
127,1,567.439,499.731,11.578,10.139,0.449000,-1,-1,-1
128,1,568.635,498.707,11.274,9.474,0.407510,-1,-1,-1
129,1,570.489,497.233,11.037,10.127,0.440499,-1,-1,-1
130,1,571.648,495.272,10.922,10.220,0.461684,-1,-1,-1
131,1,572.730,494.019,10.647,10.393,0.473064,-1,-1,-1
132,1,573.639,492.891,10.577,10.235,0.500477,-1,-1,-1
133,1,574.366,491.430,10.862,9.722,0.519034,-1,-1,-1
134,1,575.680,490.229,10.924,9.917,0.480814,-1,-1,-1
135,1,576.026,489.241,11.033,9.863,0.475742,-1,-1,-1
136,1,576.690,487.458,11.328,10.443,0.465145,-1,-1,-1
137,1,578.882,485.816,10.657,9.915,0.419767,-1,-1,-1
138,1,579.696,484.840,10.437,9.185,0.355104,-1,-1,-1
139,1,582.443,485.953,9.437,8.232,0.356671,-1,-1,-1
140,1,583.216,484.138,10.294,9.219,0.303170,-1,-1,-1
141,1,546.069,482.718,17.345,10.558,0.451689,-1,-1,-1
142,1,525.015,482.838,15.597,10.756,0.436982,-1,-1,-1
143,1,503.489,483.216,16.188,10.732,0.466511,-1,-1,-1
144,1,482.510,483.643,16.061,11.199,0.443540,-1,-1,-1
145,1,461.346,484.992,16.600,10.082,0.396243,-1,-1,-1
146,1,441.985,487.838,15.740,8.903,0.365683,-1,-1,-1
147,1,422.372,490.005,16.113,10.397,0.450934,-1,-1,-1
148,1,404.581,493.026,15.120,10.890,0.432842,-1,-1,-1
149,1,387.223,495.869,15.726,10.622,0.460501,-1,-1,-1
150,1,370.946,500.086,14.714,10.117,0.443691,-1,-1,-1
151,1,354.990,504.238,15.982,12.250,0.454018,-1,-1,-1
152,1,342.168,505.883,13.969,11.674,0.443932,-1,-1,-1
153,1,328.872,503.848,13.962,11.492,0.445560,-1,-1,-1
154,1,316.614,503.367,13.828,10.820,0.442757,-1,-1,-1
155,1,304.750,503.044,13.695,10.328,0.446404,-1,-1,-1
156,1,293.886,503.156,13.278,10.875,0.444052,-1,-1,-1
157,1,285.313,503.404,13.258,11.074,0.462898,-1,-1,-1
158,1,278.435,504.646,12.278,11.106,0.411820,-1,-1,-1
159,1,273.163,508.026,11.109,9.279,0.567038,-1,-1,-1
160,1,267.400,509.440,11.881,10.606,0.292494,-1,-1,-1
161,1,262.554,512.082,12.372,10.837,0.413477,-1,-1,-1
162,1,259.250,515.561,11.906,10.471,0.406450,-1,-1,-1
163,1,258.285,514.051,11.702,10.557,0.422266,-1,-1,-1
164,1,256.732,511.696,12.086,11.021,0.411820,-1,-1,-1
165,1,256.149,511.510,11.305,10.639,0.385722,-1,-1,-1
166,1,255.241,511.498,11.893,9.934,0.402275,-1,-1,-1
167,1,254.649,511.814,12.270,10.420,0.428592,-1,-1,-1
168,1,253.902,512.226,12.949,11.504,0.453806,-1,-1,-1
169,1,252.813,513.702,12.107,11.859,0.463900,-1,-1,-1
170,1,251.730,515.805,12.558,11.727,0.458743,-1,-1,-1
171,1,251.106,516.202,12.155,11.977,0.459258,-1,-1,-1
172,1,251.273,514.412,11.793,11.582,0.478285,-1,-1,-1
173,1,250.357,513.046,12.341,11.075,0.468395,-1,-1,-1
174,1,249.658,512.358,12.333,10.831,0.460289,-1,-1,-1
175,1,248.079,512.419,12.333,10.509,0.468699,-1,-1,-1
176,1,247.296,512.697,11.361,10.269,0.442305,-1,-1,-1
177,1,245.085,514.202,11.560,10.184,0.438875,-1,-1,-1
178,1,242.716,515.827,12.171,10.737,0.465570,-1,-1,-1
179,1,240.987,515.602,11.810,10.955,0.477402,-1,-1,-1
180,1,238.746,513.683,11.598,11.594,0.481134,-1,-1,-1
181,1,235.932,514.151,11.668,10.215,0.476184,-1,-1,-1
182,1,233.338,514.286,11.431,10.350,0.440951,-1,-1,-1
183,1,230.028,514.191,12.379,11.080,0.491441,-1,-1,-1
184,1,228.370,515.016,10.415,10.368,0.463110,-1,-1,-1
185,1,225.364,513.645,10.886,9.486,0.443600,-1,-1,-1
186,1,222.716,512.446,11.517,9.651,0.435301,-1,-1,-1
187,1,218.879,512.201,11.645,9.666,0.465296,-1,-1,-1
188,1,215.755,511.892,11.652,9.892,0.467727,-1,-1,-1
189,1,212.503,511.984,11.025,9.216,0.436502,-1,-1,-1
190,1,209.446,509.554,11.509,9.490,0.412885,-1,-1,-1
191,1,205.990,506.701,11.404,10.564,0.387574,-1,-1,-1
192,1,202.964,506.301,11.295,10.077,0.314156,-1,-1,-1
193,1,201.369,506.004,10.694,8.601,0.416975,-1,-1,-1
194,1,203.388,504.793,10.496,8.762,0.201813,-1,-1,-1
195,1,206.030,504.445,10.322,9.063,0.362969,-1,-1,-1
196,1,206.412,504.651,11.825,9.798,0.370453,-1,-1,-1
197,1,206.709,505.181,12.641,10.871,0.378689,-1,-1,-1
198,1,209.420,506.863,11.097,9.619,0.325628,-1,-1,-1
199,1,210.721,506.240,11.042,9.149,0.300746,-1,-1,-1
200,1,213.291,505.166,11.309,10.219,0.383988,-1,-1,-1
201,1,216.249,505.844,10.596,9.147,0.391348,-1,-1,-1
202,1,218.713,505.621,11.383,9.776,0.409339,-1,-1,-1
203,1,221.736,505.889,10.667,8.964,0.361615,-1,-1,-1
204,1,224.565,504.308,11.672,10.581,0.426859,-1,-1,-1
205,1,227.452,504.337,11.478,9.859,0.419232,-1,-1,-1
206,1,230.590,503.511,11.292,10.661,0.433322,-1,-1,-1
207,1,233.450,504.121,12.226,9.443,0.401101,-1,-1,-1
208,1,236.821,503.372,11.631,9.183,0.385548,-1,-1,-1
209,1,238.461,503.475,11.028,8.762,0.437463,-1,-1,-1
210,1,239.877,501.756,10.835,9.705,0.464902,-1,-1,-1
211,1,241.257,500.285,10.627,9.764,0.464385,-1,-1,-1
212,1,242.279,499.668,10.313,9.567,0.441222,-1,-1,-1
213,1,242.547,498.907,10.267,9.128,0.413240,-1,-1,-1
214,1,242.152,496.600,10.332,9.388,0.415670,-1,-1,-1
215,1,241.562,495.519,10.243,10.001,0.410934,-1,-1,-1
216,1,241.162,494.884,10.561,10.080,0.414425,-1,-1,-1
217,1,240.997,494.545,10.166,9.342,0.448758,-1,-1,-1
218,1,239.872,493.127,10.308,9.345,0.399812,-1,-1,-1
219,1,238.998,489.852,12.762,10.861,0.426919,-1,-1,-1
220,1,241.659,476.769,13.520,13.563,0.362518,-1,-1,-1
221,1,247.861,465.778,10.685,10.267,0.184473,-1,-1,-1
222,1,251.861,455.311,11.436,11.943,0.346431,-1,-1,-1
223,1,254.887,446.069,11.505,11.266,0.294466,-1,-1,-1
224,1,261.629,432.080,10.564,11.819,0.389895,-1,-1,-1
225,1,265.889,420.616,11.259,11.379,0.445379,-1,-1,-1
226,1,270.950,408.977,11.972,13.495,0.464962,-1,-1,-1
227,1,274.847,397.487,11.915,13.617,0.473657,-1,-1,-1
228,1,279.404,388.888,11.413,10.750,0.314787,-1,-1,-1
229,1,285.554,378.101,10.597,11.280,0.365117,-1,-1,-1
230,1,289.197,368.174,10.370,10.036,0.240239,-1,-1,-1
231,1,294.208,359.615,9.436,8.851,0.400867,-1,-1,-1
232,1,296.421,348.986,10.938,10.288,0.369884,-1,-1,-1
233,1,299.222,339.854,12.704,12.262,0.471603,-1,-1,-1
234,1,302.458,330.531,11.200,11.579,0.386763,-1,-1,-1
235,1,304.193,321.897,11.536,12.591,0.375706,-1,-1,-1
236,1,306.491,314.958,12.874,12.073,0.457924,-1,-1,-1
237,1,307.768,306.289,13.986,13.466,0.421254,-1,-1,-1
238,1,311.262,300.576,14.076,13.365,0.378919,-1,-1,-1
239,1,313.052,293.483,13.974,13.463,0.360714,-1,-1,-1
240,1,317.132,287.559,13.038,13.227,0.414425,-1,-1,-1
241,1,319.819,281.595,14.675,13.603,0.429250,-1,-1,-1
242,1,324.165,276.777,13.830,13.290,0.393094,-1,-1,-1
243,1,328.305,272.189,13.245,13.329,0.366250,-1,-1,-1
244,1,332.070,268.441,14.469,13.173,0.260389,-1,-1,-1
245,1,336.164,264.812,14.998,13.254,0.186539,-1,-1,-1
246,1,341.079,262.089,14.768,12.646,0.206574,-1,-1,-1
247,1,344.465,259.320,15.578,13.144,0.367497,-1,-1,-1
248,1,349.960,256.691,15.663,14.242,0.375936,-1,-1,-1
249,1,355.018,256.135,15.509,13.065,0.332961,-1,-1,-1
250,1,360.521,255.382,15.058,12.430,0.679923,-1,-1,-1
251,1,365.646,252.872,14.390,13.879,0.307566,-1,-1,-1
252,1,369.690,253.072,15.264,13.874,0.278846,-1,-1,-1
253,1,374.913,253.181,14.244,13.946,0.315736,-1,-1,-1
254,1,379.322,254.054,15.272,12.781,0.226441,-1,-1,-1
255,1,383.826,256.327,15.502,12.464,0.606906,-1,-1,-1
256,1,388.494,258.512,14.953,13.822,0.552630,-1,-1,-1
257,1,392.745,260.538,15.293,12.184,0.490663,-1,-1,-1
258,1,397.655,263.641,14.579,15.433,0.558447,-1,-1,-1
259,1,401.263,266.600,14.859,16.029,0.293303,-1,-1,-1
260,1,405.147,270.303,17.203,14.678,0.242026,-1,-1,-1
261,1,410.223,275.797,14.568,14.124,0.368633,-1,-1,-1
262,1,415.756,280.953,14.360,14.031,0.399812,-1,-1,-1
263,1,422.421,291.734,14.930,12.207,0.291384,-1,-1,-1
264,1,428.909,298.699,14.669,13.049,0.433262,-1,-1,-1
265,1,435.037,305.923,14.296,14.799,0.261708,-1,-1,-1
266,1,439.677,315.170,16.351,16.019,0.435421,-1,-1,-1
267,1,445.531,324.648,17.650,16.450,0.513425,-1,-1,-1
268,1,452.398,335.045,16.975,16.835,0.511686,-1,-1,-1
269,1,459.480,345.877,17.070,17.200,0.532547,-1,-1,-1
270,1,466.738,358.351,16.854,17.502,0.520968,-1,-1,-1
271,1,474.559,371.925,17.644,18.117,0.490769,-1,-1,-1
272,1,483.187,386.308,17.932,18.609,0.503143,-1,-1,-1
273,1,492.001,401.348,18.538,21.176,0.517662,-1,-1,-1
274,1,501.114,418.547,18.769,19.610,0.510382,-1,-1,-1
275,1,511.342,436.831,18.373,21.051,0.482460,-1,-1,-1
276,1,521.867,455.897,19.213,21.456,0.485280,-1,-1,-1
277,1,531.194,476.020,19.409,22.312,0.469611,-1,-1,-1
278,1,542.633,497.565,19.103,22.014,0.491997,-1,-1,-1
279,1,553.533,519.763,19.389,22.746,0.477585,-1,-1,-1
280,1,564.786,543.304,20.269,22.108,0.454260,-1,-1,-1
281,1,576.524,568.438,20.064,23.592,0.404449,-1,-1,-1
282,1,589.202,593.411,19.904,24.148,0.426083,-1,-1,-1
283,1,601.584,619.889,21.310,25.741,0.462473,-1,-1,-1
284,1,615.360,648.239,21.406,28.824,0.513402,-1,-1,-1
285,1,629.104,677.484,21.775,28.273,0.466785,-1,-1,-1
286,1,644.862,706.560,27.457,19.948,0.293506,-1,-1,-1
287,1,679.102,691.841,31.432,21.988,0.447309,-1,-1,-1
288,1,716.137,679.128,31.273,21.744,0.478407,-1,-1,-1
289,1,753.839,667.372,30.048,21.664,0.499957,-1,-1,-1
290,1,789.052,656.910,29.847,20.077,0.444414,-1,-1,-1
291,1,825.618,647.819,29.299,20.188,0.531392,-1,-1,-1
292,1,860.289,640.227,29.011,18.862,0.497452,-1,-1,-1
293,1,896.444,634.564,27.504,19.060,0.475697,-1,-1,-1
294,1,927.831,629.418,29.174,17.699,0.513707,-1,-1,-1
295,1,960.997,625.546,27.387,18.431,0.531392,-1,-1,-1
296,1,991.881,622.588,27.006,17.374,0.474099,-1,-1,-1
297,1,1021.987,621.016,25.041,17.185,0.481713,-1,-1,-1
298,1,1048.256,619.789,25.612,17.423,0.495232,-1,-1,-1
299,1,1074.742,619.800,23.879,17.405,0.486217,-1,-1,-1
300,1,1099.889,621.307,24.374,17.172,0.496336,-1,-1,-1
301,1,1124.622,623.753,22.560,17.168,0.490892,-1,-1,-1
302,1,1145.865,627.486,23.543,17.388,0.517312,-1,-1,-1
303,1,1166.848,631.241,21.764,17.131,0.480189,-1,-1,-1
304,1,1151.337,703.828,13.675,11.826,0.203075,-1,-1,-1
305,1,1204.118,642.607,21.544,17.703,0.440680,-1,-1,-1
306,1,1220.271,650.542,21.138,18.018,0.494278,-1,-1,-1
307,1,1235.413,657.757,19.603,17.643,0.465813,-1,-1,-1
308,1,1248.437,665.103,19.802,18.451,0.489915,-1,-1,-1
309,1,1260.297,674.143,19.522,17.803,0.468031,-1,-1,-1
310,1,1271.120,683.743,18.040,17.898,0.470052,-1,-1,-1
311,1,1280.553,694.290,17.534,18.226,0.442727,-1,-1,-1
312,1,1287.832,705.169,16.311,17.831,0.484212,-1,-1,-1
313,1,1293.808,707.845,16.352,19.044,0.465509,-1,-1,-1
314,1,1296.293,691.020,15.965,19.278,0.512731,-1,-1,-1
315,1,1297.145,674.929,15.418,18.385,0.442004,-1,-1,-1
316,1,1297.877,659.907,14.764,18.307,0.470311,-1,-1,-1
317,1,1298.949,647.153,13.867,16.631,0.443872,-1,-1,-1
318,1,1298.693,635.446,14.341,16.386,0.465965,-1,-1,-1
319,1,1298.682,624.718,14.003,16.410,0.463353,-1,-1,-1
320,1,1298.546,615.807,15.329,15.530,0.469763,-1,-1,-1
321,1,1298.599,607.340,15.983,15.707,0.462321,-1,-1,-1
322,1,1299.747,600.575,14.913,15.132,0.468092,-1,-1,-1
323,1,1300.833,595.289,15.269,15.204,0.469277,-1,-1,-1
324,1,1302.479,591.472,15.089,14.245,0.463960,-1,-1,-1
325,1,1304.284,587.494,15.214,14.786,0.438665,-1,-1,-1
326,1,1306.868,584.901,15.530,15.111,0.457894,-1,-1,-1
327,1,1308.972,584.400,15.606,14.058,0.485485,-1,-1,-1
328,1,1311.136,584.275,15.110,14.343,0.461684,-1,-1,-1
329,1,1313.290,585.318,14.883,14.251,0.447672,-1,-1,-1
330,1,1314.746,587.687,15.236,14.625,0.441974,-1,-1,-1
331,1,1316.333,591.266,15.371,14.311,0.454079,-1,-1,-1
332,1,1318.412,594.554,14.336,15.026,0.469642,-1,-1,-1
333,1,1320.440,599.766,14.460,14.734,0.489038,-1,-1,-1
334,1,1322.383,605.276,15.021,15.588,0.491113,-1,-1,-1
335,1,1324.753,611.956,14.824,14.764,0.469292,-1,-1,-1
336,1,1327.946,619.673,14.961,15.550,0.475849,-1,-1,-1
337,1,1331.441,627.901,15.228,16.186,0.479961,-1,-1,-1
338,1,1334.925,632.010,14.525,16.335,0.495461,-1,-1,-1
339,1,1335.995,624.631,14.850,15.527,0.479732,-1,-1,-1
340,1,1337.147,616.684,14.487,14.712,0.477463,-1,-1,-1
341,1,1339.466,610.556,14.622,13.286,0.449544,-1,-1,-1
342,1,1342.306,604.508,13.786,14.564,0.493538,-1,-1,-1
343,1,1345.610,599.667,14.259,13.778,0.508231,-1,-1,-1
344,1,1348.990,595.926,14.902,13.754,0.469307,-1,-1,-1
345,1,1354.448,592.018,14.748,14.117,0.511480,-1,-1,-1
346,1,1359.539,590.598,14.365,12.613,0.454412,-1,-1,-1
347,1,1364.600,588.360,14.951,13.025,0.463384,-1,-1,-1
348,1,1371.456,588.398,14.099,11.980,0.399519,-1,-1,-1
349,1,1372.138,582.336,17.727,18.664,0.294621,-1,-1,-1
350,1,1353.962,561.684,18.134,19.289,0.432004,-1,-1,-1
351,1,1334.738,540.883,18.686,19.802,0.462048,-1,-1,-1
352,1,1315.583,521.640,17.781,19.088,0.456440,-1,-1,-1
353,1,1296.543,502.162,17.955,18.030,0.478041,-1,-1,-1
354,1,1277.294,482.329,20.197,20.178,0.453716,-1,-1,-1
355,1,1259.350,464.101,19.304,19.308,0.458955,-1,-1,-1
356,1,1241.053,446.270,17.817,18.089,0.485569,-1,-1,-1
357,1,1222.128,428.300,18.672,18.862,0.490129,-1,-1,-1
358,1,1204.413,412.079,18.671,17.445,0.464385,-1,-1,-1
359,1,1187.653,396.622,17.797,16.621,0.483359,-1,-1,-1
360,1,1169.692,380.617,17.902,17.480,0.516748,-1,-1,-1
361,1,1152.195,365.694,17.552,17.495,0.274643,-1,-1,-1
362,1,1134.109,349.717,18.428,17.134,0.483633,-1,-1,-1
363,1,1117.702,335.170,18.170,18.613,0.498582,-1,-1,-1
364,1,1101.741,323.249,17.011,16.351,0.504677,-1,-1,-1
365,1,1084.811,309.653,18.145,16.792,0.477950,-1,-1,-1
366,1,1070.848,297.143,16.933,16.693,0.477996,-1,-1,-1
367,1,1057.496,286.999,17.454,16.076,0.426142,-1,-1,-1
368,1,1046.251,277.489,16.917,16.321,0.412412,-1,-1,-1
369,1,1034.758,268.363,16.779,17.879,0.449242,-1,-1,-1
370,1,1024.406,260.537,16.893,16.233,0.358465,-1,-1,-1
371,1,1012.619,252.308,17.718,17.131,0.376967,-1,-1,-1
372,1,1002.493,247.143,16.064,14.728,0.607838,-1,-1,-1
373,1,991.519,240.775,16.464,13.700,0.356335,-1,-1,-1
374,1,980.397,234.887,17.616,13.445,0.702530,-1,-1,-1
375,1,968.447,229.444,18.183,15.253,0.365457,-1,-1,-1
376,1,957.481,225.608,18.465,17.784,0.358915,-1,-1,-1
377,1,947.569,223.168,18.606,16.534,0.376852,-1,-1,-1
378,1,936.467,221.160,17.099,15.595,0.378115,-1,-1,-1
379,1,924.847,219.785,18.599,15.237,0.340156,-1,-1,-1
380,1,913.440,219.347,18.474,15.279,0.371593,-1,-1,-1
381,1,902.264,219.809,17.792,15.254,0.360264,-1,-1,-1
382,1,890.911,222.619,17.287,13.791,0.332961,-1,-1,-1
383,1,878.458,223.359,17.697,17.101,0.393210,-1,-1,-1
384,1,865.626,225.576,18.379,17.337,0.414543,-1,-1,-1
385,1,853.875,229.647,18.020,15.012,0.247078,-1,-1,-1
386,1,841.344,234.428,17.658,15.337,0.378804,-1,-1,-1
387,1,828.471,240.190,17.384,15.605,0.387111,-1,-1,-1
388,1,816.679,247.140,17.622,16.564,0.440259,-1,-1,-1
389,1,803.467,252.958,20.025,15.534,0.425784,-1,-1,-1
390,1,791.632,260.111,18.011,15.508,0.294215,-1,-1,-1
391,1,777.411,269.679,19.309,17.107,0.278846,-1,-1,-1
392,1,765.472,279.286,17.102,16.046,0.458621,-1,-1,-1
393,1,752.800,289.542,16.680,16.390,0.496124,-1,-1,-1
394,1,739.311,299.643,18.040,17.933,0.484197,-1,-1,-1
395,1,726.418,311.527,18.036,18.618,0.473870,-1,-1,-1
396,1,713.076,323.881,18.573,18.472,0.508643,-1,-1,-1
397,1,700.386,337.668,18.323,18.601,0.493656,-1,-1,-1
398,1,687.579,352.019,18.179,18.955,0.476458,-1,-1,-1
399,1,674.926,367.431,18.166,19.407,0.502123,-1,-1,-1
400,1,662.263,383.588,17.437,19.971,0.491227,-1,-1,-1
401,1,648.671,400.634,18.492,19.775,0.497566,-1,-1,-1
402,1,635.466,417.696,17.987,19.939,0.515132,-1,-1,-1
403,1,623.406,435.478,18.252,20.474,0.471953,-1,-1,-1
404,1,610.405,454.925,17.557,20.854,0.506096,-1,-1,-1
405,1,597.240,474.163,19.017,21.633,0.524364,-1,-1,-1
406,1,584.319,494.294,18.744,22.029,0.480860,-1,-1,-1
407,1,571.383,515.419,18.584,22.823,0.486004,-1,-1,-1
408,1,558.801,536.902,18.641,22.297,0.462018,-1,-1,-1
409,1,551.838,554.374,22.845,19.341,0.297266,-1,-1,-1
410,1,578.543,539.769,22.924,17.851,0.474555,-1,-1,-1
411,1,606.346,526.528,22.146,17.563,0.501182,-1,-1,-1
412,1,632.666,513.179,23.675,17.963,0.522492,-1,-1,-1
413,1,659.775,500.869,24.266,18.909,0.516001,-1,-1,-1
414,1,688.280,489.754,23.551,18.125,0.541106,-1,-1,-1
415,1,716.258,479.066,24.862,17.376,0.523040,-1,-1,-1
416,1,744.781,470.090,23.726,16.199,0.512380,-1,-1,-1
417,1,771.627,462.038,25.348,17.316,0.507488,-1,-1,-1
418,1,799.265,455.609,23.268,16.283,0.496805,-1,-1,-1
419,1,829.458,448.936,19.914,15.125,0.412530,-1,-1,-1
420,1,851.586,443.512,24.582,17.619,0.504494,-1,-1,-1
421,1,879.174,440.364,21.801,15.387,0.187877,-1,-1,-1
422,1,902.384,436.458,23.821,16.168,0.548160,-1,-1,-1
423,1,925.793,434.283,23.984,16.475,0.515224,-1,-1,-1
424,1,948.737,433.206,23.416,16.264,0.532091,-1,-1,-1
425,1,970.531,432.787,22.921,16.858,0.483542,-1,-1,-1
426,1,992.579,434.319,22.190,18.621,0.465327,-1,-1,-1
427,1,1012.894,435.945,22.860,17.036,0.503233,-1,-1,-1
428,1,1033.113,438.366,23.032,17.358,0.514263,-1,-1,-1
429,1,1052.467,441.912,23.546,18.075,0.534430,-1,-1,-1
430,1,1072.862,446.709,22.793,17.353,0.497835,-1,-1,-1
431,1,1091.976,452.161,22.422,18.083,0.500963,-1,-1,-1
432,1,1110.787,458.806,23.611,17.996,0.486133,-1,-1,-1
433,1,1129.909,465.871,24.123,19.052,0.523085,-1,-1,-1
434,1,1150.117,474.417,24.014,19.941,0.508186,-1,-1,-1
435,1,1170.479,483.770,24.256,20.705,0.515163,-1,-1,-1
436,1,1190.025,494.756,23.765,19.395,0.504101,-1,-1,-1
437,1,1209.383,506.523,23.757,20.845,0.494496,-1,-1,-1
438,1,1229.256,518.756,24.443,22.234,0.532942,-1,-1,-1
439,1,1248.304,531.980,23.599,21.643,0.492852,-1,-1,-1
440,1,1265.834,546.615,24.480,21.686,0.508453,-1,-1,-1
441,1,1285.281,560.639,24.075,23.189,0.502340,-1,-1,-1
442,1,1303.506,575.916,23.297,22.666,0.494396,-1,-1,-1
443,1,1321.147,593.952,23.009,22.085,0.465479,-1,-1,-1
444,1,1339.154,610.465,22.779,22.898,0.480128,-1,-1,-1
445,1,1355.813,629.400,24.268,24.873,0.484464,-1,-1,-1
446,1,1372.873,648.538,23.794,24.812,0.495220,-1,-1,-1
447,1,1389.849,668.473,23.622,26.014,0.482932,-1,-1,-1
448,1,1406.019,690.898,23.499,25.352,0.452203,-1,-1,-1
449,1,1420.594,713.561,23.279,26.115,0.380126,-1,-1,-1
450,1,1435.869,738.762,23.435,27.935,0.248899,-1,-1,-1
451,1,1449.767,763.561,23.205,29.988,0.362179,-1,-1,-1
452,1,1464.256,786.394,26.332,32.217,0.461229,-1,-1,-1
453,1,1477.716,818.460,22.745,24.598,0.438996,-1,-1,-1
454,1,1487.295,806.551,21.623,24.409,0.507232,-1,-1,-1
455,1,1495.363,790.391,21.270,23.550,0.529476,-1,-1,-1
456,1,1502.573,774.856,20.975,21.786,0.469551,-1,-1,-1
457,1,1509.756,759.225,22.317,23.042,0.515612,-1,-1,-1
458,1,1517.267,745.176,21.832,22.504,0.489328,-1,-1,-1
459,1,1525.124,732.260,21.452,21.132,0.524486,-1,-1,-1
460,1,1531.699,720.975,21.227,21.053,0.511854,-1,-1,-1
461,1,1538.267,710.367,21.388,21.113,0.518820,-1,-1,-1
462,1,1544.314,700.627,21.554,21.248,0.495278,-1,-1,-1
463,1,1551.136,691.937,21.297,20.901,0.488878,-1,-1,-1
464,1,1558.085,683.906,20.728,19.871,0.444655,-1,-1,-1
465,1,1564.141,678.450,21.884,19.239,0.471649,-1,-1,-1
466,1,1570.298,673.498,20.912,19.354,0.498506,-1,-1,-1
467,1,1576.048,669.420,21.917,19.710,0.492310,-1,-1,-1
468,1,1581.294,665.858,21.004,19.905,0.521167,-1,-1,-1
469,1,1586.764,663.752,20.915,19.295,0.530404,-1,-1,-1
470,1,1592.461,662.930,21.165,18.696,0.499805,-1,-1,-1
471,1,1597.400,663.104,20.714,19.244,0.519735,-1,-1,-1
472,1,1601.391,664.645,22.458,20.075,0.511503,-1,-1,-1
473,1,1605.239,667.165,21.798,19.497,0.527803,-1,-1,-1
474,1,1609.349,671.641,20.931,18.886,0.508880,-1,-1,-1
475,1,1612.762,675.337,20.496,18.464,0.498482,-1,-1,-1
476,1,1616.724,681.235,20.770,19.883,0.525932,-1,-1,-1
477,1,1620.113,687.668,20.687,19.542,0.511922,-1,-1,-1
478,1,1623.529,696.739,21.045,19.752,0.509223,-1,-1,-1
479,1,1626.562,705.631,21.087,21.065,0.518927,-1,-1,-1
480,1,1630.224,716.045,20.954,21.070,0.505882,-1,-1,-1
481,1,1634.276,726.999,20.939,22.043,0.496857,-1,-1,-1
482,1,1638.268,740.653,20.631,21.191,0.496264,-1,-1,-1
483,1,1641.402,755.380,20.364,21.632,0.477234,-1,-1,-1
484,1,1644.094,770.813,20.506,22.812,0.491914,-1,-1,-1
485,1,1645.263,787.251,20.540,23.934,0.508910,-1,-1,-1
486,1,1647.512,804.361,20.039,23.344,0.490647,-1,-1,-1
487,1,1647.865,822.882,20.282,22.993,0.478742,-1,-1,-1
488,1,1647.468,835.901,19.703,20.837,0.494499,-1,-1,-1
489,1,1644.879,823.414,20.269,19.621,0.495701,-1,-1,-1
490,1,1641.919,811.494,20.610,20.007,0.462412,-1,-1,-1
491,1,1640.511,800.555,20.751,19.825,0.448004,-1,-1,-1
492,1,1639.184,791.304,20.040,19.809,0.465296,-1,-1,-1
493,1,1636.739,783.325,20.736,19.752,0.463505,-1,-1,-1
494,1,1635.141,776.439,20.127,19.099,0.514774,-1,-1,-1
495,1,1633.624,769.213,20.756,19.433,0.474022,-1,-1,-1
496,1,1633.358,764.483,20.018,18.810,0.479900,-1,-1,-1
497,1,1631.967,760.102,20.407,18.155,0.480860,-1,-1,-1
498,1,1629.579,756.388,20.467,19.333,0.489336,-1,-1,-1
499,1,1627.764,754.106,20.347,19.100,0.514362,-1,-1,-1
500,1,1625.573,753.202,20.653,19.227,0.513348,-1,-1,-1
501,1,1623.672,752.940,20.818,18.808,0.498486,-1,-1,-1
502,1,1620.861,753.948,20.766,18.404,0.508315,-1,-1,-1
503,1,1619.779,754.866,20.310,18.408,0.489519,-1,-1,-1
504,1,1618.709,757.989,20.245,18.472,0.431824,-1,-1,-1
505,1,1616.789,762.891,20.261,18.389,0.509894,-1,-1,-1
506,1,1614.063,767.295,20.393,19.065,0.512334,-1,-1,-1
507,1,1610.288,772.564,21.330,20.040,0.513127,-1,-1,-1
508,1,1607.925,779.265,20.038,20.058,0.507331,-1,-1,-1
509,1,1606.090,788.251,20.660,19.705,0.491845,-1,-1,-1
510,1,1604.630,797.738,20.747,20.435,0.477006,-1,-1,-1
511,1,1605.841,808.498,20.302,20.372,0.478224,-1,-1,-1
512,1,1606.623,820.602,20.088,20.622,0.509215,-1,-1,-1
513,1,1608.268,818.440,20.251,20.372,0.518790,-1,-1,-1
514,1,1608.890,810.465,19.659,18.804,0.504406,-1,-1,-1
515,1,1611.252,802.863,18.950,17.978,0.469505,-1,-1,-1
516,1,1613.479,797.164,19.252,17.482,0.448275,-1,-1,-1
517,1,1614.853,791.735,20.299,18.241,0.493737,-1,-1,-1
518,1,1618.046,789.659,19.203,17.734,0.512807,-1,-1,-1
519,1,1619.556,788.212,20.399,18.367,0.520649,-1,-1,-1
520,1,1622.168,787.965,20.260,18.093,0.508559,-1,-1,-1
521,1,1624.807,788.668,19.701,18.104,0.515970,-1,-1,-1
522,1,1625.341,789.952,19.544,17.986,0.500713,-1,-1,-1
523,1,1624.970,792.773,19.660,18.409,0.504585,-1,-1,-1
524,1,1624.698,796.796,19.373,17.797,0.462443,-1,-1,-1
525,1,1624.013,800.308,18.344,18.124,0.461472,-1,-1,-1
526,1,1621.023,805.323,19.238,18.647,0.494976,-1,-1,-1
527,1,1619.342,812.025,18.993,18.090,0.534825,-1,-1,-1
528,1,1617.007,819.364,19.632,18.893,0.499310,-1,-1,-1
529,1,1615.268,827.150,19.546,20.515,0.453837,-1,-1,-1
530,1,1615.902,828.511,18.904,18.487,0.492642,-1,-1,-1
531,1,1616.635,824.482,19.694,18.415,0.442697,-1,-1,-1
532,1,1617.822,821.882,19.620,17.339,0.438935,-1,-1,-1
533,1,1619.010,820.190,19.985,16.322,0.308711,-1,-1,-1
534,1,1620.983,818.379,19.902,16.563,0.371251,-1,-1,-1
535,1,1622.893,818.521,19.347,16.152,0.431944,-1,-1,-1
536,1,1623.958,821.062,21.020,18.528,0.454291,-1,-1,-1
537,1,1625.578,822.981,20.458,17.385,0.438034,-1,-1,-1
538,1,1626.803,825.620,20.016,17.918,0.371821,-1,-1,-1
539,1,1629.843,828.960,19.453,18.108,0.483115,-1,-1,-1
540,1,1631.404,834.229,19.627,18.521,0.525399,-1,-1,-1
541,1,1634.303,833.763,20.558,19.069,0.525993,-1,-1,-1
542,1,1638.167,829.086,20.224,19.126,0.492112,-1,-1,-1
543,1,1637.189,827.824,20.930,19.976,0.475803,-1,-1,-1
544,1,1632.304,831.472,20.833,19.468,0.495915,-1,-1,-1
545,1,1627.000,834.240,18.824,18.948,0.402686,-1,-1,-1
546,1,1623.062,834.675,18.920,17.915,0.399109,-1,-1,-1
547,1,1620.043,832.240,18.514,19.403,0.397237,-1,-1,-1
548,1,1617.296,832.811,19.740,17.991,0.445379,-1,-1,-1
549,1,1615.191,832.698,21.994,17.409,0.370112,-1,-1,-1
550,1,1612.820,833.502,22.630,18.906,0.410638,-1,-1,-1
551,1,1611.728,834.838,24.974,19.766,0.480265,-1,-1,-1
552,1,1610.512,835.203,24.700,19.522,0.449906,-1,-1,-1
553,1,1609.674,834.757,25.133,19.520,0.483831,-1,-1,-1
554,1,1609.698,834.875,26.141,19.218,0.427935,-1,-1,-1
555,1,1609.550,835.714,24.691,18.848,0.381911,-1,-1,-1
556,1,1609.792,836.823,23.131,17.822,0.312685,-1,-1,-1
557,1,1609.340,837.044,22.553,18.163,0.347980,-1,-1,-1
558,1,1610.465,839.371,18.869,16.460,0.333937,-1,-1,-1
559,1,1610.719,840.033,18.477,16.129,0.302597,-1,-1,-1
560,1,1609.540,839.876,19.151,17.257,0.310694,-1,-1,-1
561,1,1607.922,840.781,18.142,15.819,0.331336,-1,-1,-1
562,1,1604.449,839.869,18.708,16.850,0.359252,-1,-1,-1
563,1,1601.890,837.081,19.367,18.331,0.403802,-1,-1,-1
564,1,1599.414,832.428,21.935,21.586,0.354098,-1,-1,-1
565,1,1594.656,826.072,18.570,18.959,0.319015,-1,-1,-1
566,1,1592.190,820.485,19.220,18.140,0.405213,-1,-1,-1
567,1,1588.380,812.614,18.979,18.177,0.355216,-1,-1,-1
568,1,1585.168,807.648,17.755,16.454,0.428891,-1,-1,-1
569,1,1581.816,801.744,18.657,17.178,0.400163,-1,-1,-1
570,1,1578.785,798.581,16.285,16.883,0.436742,-1,-1,-1
571,1,1575.001,795.490,16.507,16.726,0.467970,-1,-1,-1
572,1,1568.536,791.353,19.537,17.394,0.439958,-1,-1,-1
573,1,1561.346,787.661,18.769,18.653,0.436922,-1,-1,-1
574,1,1551.858,780.273,16.246,19.008,0.453322,-1,-1,-1
575,1,1544.480,771.126,17.644,19.712,0.391348,-1,-1,-1
576,1,1539.146,759.772,19.702,20.197,0.451689,-1,-1,-1
577,1,1536.629,747.742,20.132,21.510,0.458712,-1,-1,-1
578,1,1537.111,737.751,20.059,25.560,0.464203,-1,-1,-1
579,1,1538.940,730.461,19.361,21.031,0.456591,-1,-1,-1
580,1,1540.381,724.944,19.296,19.228,0.397237,-1,-1,-1
581,1,1541.712,721.609,18.987,18.774,0.337531,-1,-1,-1
582,1,1543.267,721.224,19.069,17.513,0.336004,-1,-1,-1
583,1,1544.674,721.930,19.304,16.517,0.209955,-1,-1,-1
584,1,1545.864,725.351,19.549,17.535,0.504410,-1,-1,-1
585,1,1549.528,729.959,18.498,19.143,0.514873,-1,-1,-1
586,1,1552.512,734.999,18.898,17.275,0.291182,-1,-1,-1
587,1,1551.072,742.044,18.900,17.433,0.338842,-1,-1,-1
588,1,1531.598,741.283,23.668,15.629,0.203075,-1,-1,-1
589,1,1491.494,731.559,33.115,20.179,0.301773,-1,-1,-1
590,1,1446.445,723.866,32.549,19.516,0.449604,-1,-1,-1
591,1,1400.744,718.700,33.156,19.243,0.436022,-1,-1,-1
592,1,1353.898,713.103,34.535,19.327,0.483130,-1,-1,-1
593,1,1310.888,710.517,33.173,17.871,0.494232,-1,-1,-1
594,1,1265.681,708.759,34.834,18.146,0.470630,-1,-1,-1
595,1,1223.182,708.231,34.429,18.353,0.514987,-1,-1,-1
596,1,1180.909,708.088,33.431,18.446,0.507942,-1,-1,-1
597,1,1139.332,709.234,33.677,18.002,0.501551,-1,-1,-1
598,1,1101.022,710.529,31.612,18.772,0.490068,-1,-1,-1
599,1,1062.987,714.287,31.700,19.851,0.498431,-1,-1,-1
600,1,1024.742,719.764,31.092,19.239,0.512037,-1,-1,-1
601,1,988.176,724.716,31.240,18.905,0.452324,-1,-1,-1
602,1,952.534,731.760,29.720,19.444,0.513508,-1,-1,-1
603,1,918.182,739.812,28.961,19.992,0.475347,-1,-1,-1
604,1,883.869,748.422,29.899,20.958,0.507732,-1,-1,-1
605,1,851.128,759.893,29.717,21.496,0.476793,-1,-1,-1
606,1,818.966,771.066,29.312,21.962,0.460501,-1,-1,-1
607,1,789.902,783.920,28.243,21.936,0.492638,-1,-1,-1
608,1,760.236,797.897,27.359,21.184,0.463141,-1,-1,-1
609,1,731.479,812.198,27.136,23.132,0.523481,-1,-1,-1
610,1,709.456,804.380,25.556,23.089,0.485645,-1,-1,-1
611,1,687.798,789.823,25.140,22.047,0.519613,-1,-1,-1
612,1,665.265,776.878,26.428,21.490,0.500807,-1,-1,-1
613,1,644.212,765.538,24.834,20.445,0.493290,-1,-1,-1
614,1,623.061,754.944,24.341,20.340,0.522887,-1,-1,-1
615,1,602.868,745.597,23.410,19.820,0.499103,-1,-1,-1
616,1,583.369,738.767,23.553,20.213,0.509147,-1,-1,-1
617,1,563.069,732.963,24.928,18.614,0.519156,-1,-1,-1
618,1,543.884,728.601,23.148,19.018,0.522918,-1,-1,-1
619,1,525.587,724.900,22.736,18.700,0.507484,-1,-1,-1
620,1,511.850,723.417,17.940,17.846,0.329715,-1,-1,-1
621,1,520.068,711.847,18.766,17.910,0.262653,-1,-1,-1
622,1,532.727,701.848,20.686,18.618,0.420481,-1,-1,-1
623,1,550.723,695.483,15.725,16.914,0.265309,-1,-1,-1
624,1,554.160,686.804,18.918,17.955,0.225513,-1,-1,-1
625,1,571.185,679.793,20.851,18.063,0.287768,-1,-1,-1
626,1,583.860,674.548,20.885,18.689,0.473825,-1,-1,-1
627,1,597.060,670.797,20.327,18.387,0.408572,-1,-1,-1
628,1,610.992,667.617,19.059,16.656,0.430626,-1,-1,-1
629,1,623.137,665.265,19.534,17.398,0.417153,-1,-1,-1
630,1,635.225,664.625,19.024,16.443,0.362856,-1,-1,-1
631,1,647.404,665.123,18.887,19.577,0.280419,-1,-1,-1
632,1,702.686,708.398,15.414,12.176,0.182426,-1,-1,-1
633,1,701.310,741.513,13.041,11.889,0.243642,-1,-1,-1
634,1,725.466,758.062,16.206,14.549,0.207096,-1,-1,-1
635,1,702.456,751.665,8.967,11.492,0.254046,-1,-1,-1
636,1,743.716,738.170,8.226,5.372,0.203075,-1,-1,-1
637,1,751.678,737.444,7.433,5.596,0.217670,-1,-1,-1
638,1,759.293,737.012,7.315,5.645,0.240953,-1,-1,-1
639,1,765.250,732.804,6.963,7.044,0.229881,-1,-1,-1
640,1,776.151,729.432,8.432,7.500,0.195399,-1,-1,-1
641,1,785.366,726.106,8.432,7.500,0.166089,-1,-1,-1
642,1,745.143,647.307,22.706,24.424,0.209631,-1,-1,-1
643,1,748.798,633.323,13.427,13.423,0.178187,-1,-1,-1
644,1,745.120,609.573,13.427,13.423,0.151459,-1,-1,-1
645,1,741.442,585.822,13.427,13.423,0.128740,-1,-1,-1
646,1,789.150,640.884,19.297,7.116,0.247260,-1,-1,-1
647,1,799.602,632.107,15.482,11.216,0.210171,-1,-1,-1
648,1,827.319,686.483,13.272,15.091,0.217338,-1,-1,-1
649,1,840.904,698.035,14.708,12.572,0.184737,-1,-1,-1
650,1,857.170,715.663,14.708,12.572,0.157026,-1,-1,-1
651,1,873.436,733.291,14.708,12.572,0.133472,-1,-1,-1
652,1,889.701,750.919,14.708,12.572,0.113452,-1,-1,-1
654,1,847.008,651.025,17.683,18.851,0.196363,-1,-1,-1
655,1,779.010,633.111,3.158,11.800,0.420124,-1,-1,-1
656,1,763.797,627.336,14.773,15.184,0.455834,-1,-1,-1
657,1,760.881,624.488,14.710,14.635,0.482780,-1,-1,-1
658,1,757.317,622.281,14.812,14.635,0.518333,-1,-1,-1
659,1,753.691,621.039,14.476,14.194,0.473399,-1,-1,-1
660,1,750.618,620.779,14.358,14.277,0.428114,-1,-1,-1
661,1,747.413,620.748,14.665,13.980,0.444203,-1,-1,-1
662,1,744.353,622.568,14.281,14.225,0.480722,-1,-1,-1
663,1,743.789,619.622,14.340,14.787,0.464537,-1,-1,-1
664,1,744.114,616.344,14.284,14.927,0.478072,-1,-1,-1
665,1,744.805,613.562,14.191,14.037,0.509368,-1,-1,-1
666,1,746.515,611.700,13.943,13.731,0.466937,-1,-1,-1
667,1,747.293,610.236,14.428,13.891,0.456531,-1,-1,-1
668,1,749.246,610.100,14.123,13.567,0.419648,-1,-1,-1
669,1,750.488,610.663,14.032,13.980,0.418578,-1,-1,-1
670,1,751.985,608.919,13.638,13.886,0.418875,-1,-1,-1
671,1,754.455,605.960,13.366,14.442,0.453685,-1,-1,-1
672,1,756.031,604.553,15.124,14.193,0.512471,-1,-1,-1
673,1,759.205,603.511,14.912,12.905,0.477219,-1,-1,-1
674,1,761.995,601.388,14.406,13.245,0.424710,-1,-1,-1
675,1,765.724,598.307,13.921,13.452,0.414543,-1,-1,-1
676,1,768.593,596.507,13.526,13.338,0.424054,-1,-1,-1
677,1,769.664,595.980,13.982,13.581,0.330363,-1,-1,-1
678,1,773.140,595.028,14.114,12.411,0.327991,-1,-1,-1
679,1,785.327,594.293,12.439,12.847,0.186243,-1,-1,-1
680,1,790.158,596.863,14.192,11.371,0.386242,-1,-1,-1
681,1,796.170,597.391,14.177,10.546,0.373076,-1,-1,-1
682,1,801.568,597.482,14.737,10.643,0.393327,-1,-1,-1
683,1,808.463,597.569,14.183,11.382,0.334328,-1,-1,-1
684,1,811.783,597.620,13.100,12.561,0.317320,-1,-1,-1
685,1,814.865,597.095,14.401,13.131,0.191328,-1,-1,-1
686,1,804.644,594.673,15.732,10.596,0.183740,-1,-1,-1
687,1,806.646,593.456,18.304,11.413,0.190423,-1,-1,-1
688,1,815.066,603.253,15.185,14.570,0.359701,-1,-1,-1
689,1,811.354,603.265,17.544,15.127,0.389314,-1,-1,-1
690,1,808.231,604.365,15.856,15.714,0.431345,-1,-1,-1
691,1,804.774,607.959,16.063,14.216,0.277865,-1,-1,-1
692,1,800.744,609.931,15.395,14.524,0.325735,-1,-1,-1
693,1,799.251,612.823,14.391,13.376,0.335786,-1,-1,-1
694,1,795.049,613.715,15.196,13.821,0.434761,-1,-1,-1
695,1,790.662,616.169,15.441,14.236,0.475849,-1,-1,-1
696,1,787.504,618.015,15.189,14.345,0.487651,-1,-1,-1
697,1,783.478,619.320,15.969,14.793,0.483496,-1,-1,-1
698,1,780.607,620.661,16.131,14.938,0.520161,-1,-1,-1
699,1,777.673,623.276,15.981,14.876,0.530799,-1,-1,-1
700,1,774.718,624.742,15.907,15.127,0.506733,-1,-1,-1
701,1,771.540,626.797,16.754,15.886,0.500394,-1,-1,-1
702,1,769.057,628.314,15.997,15.319,0.499510,-1,-1,-1
703,1,766.171,629.610,15.986,15.891,0.499444,-1,-1,-1
704,1,763.115,631.534,16.563,15.234,0.460562,-1,-1,-1
705,1,760.294,633.451,16.066,16.006,0.493855,-1,-1,-1
706,1,756.706,635.972,16.119,15.045,0.513432,-1,-1,-1
707,1,753.630,637.231,16.958,16.046,0.531787,-1,-1,-1
708,1,750.492,638.730,16.259,16.133,0.513836,-1,-1,-1
709,1,746.737,640.557,17.396,16.362,0.512555,-1,-1,-1
710,1,743.416,642.121,16.802,16.825,0.511953,-1,-1,-1
711,1,740.135,643.418,17.127,16.180,0.491418,-1,-1,-1
712,1,737.459,645.190,17.171,16.487,0.531133,-1,-1,-1
713,1,734.737,647.648,16.211,15.058,0.517434,-1,-1,-1
714,1,730.728,649.029,16.621,16.526,0.529279,-1,-1,-1
715,1,727.826,650.301,16.997,16.896,0.520268,-1,-1,-1
716,1,724.461,652.400,17.394,15.701,0.533641,-1,-1,-1
717,1,720.797,653.443,17.802,16.754,0.509833,-1,-1,-1
718,1,717.739,655.422,18.061,16.563,0.501993,-1,-1,-1
719,1,715.401,657.152,17.417,16.479,0.534400,-1,-1,-1
720,1,712.741,659.645,17.009,16.269,0.517434,-1,-1,-1
721,1,708.895,660.648,17.864,16.989,0.522172,-1,-1,-1
722,1,706.107,661.787,17.182,17.301,0.465084,-1,-1,-1
723,1,703.067,663.833,17.029,16.292,0.405272,-1,-1,-1
724,1,700.273,664.833,17.291,17.830,0.411998,-1,-1,-1
725,1,698.657,666.769,17.532,18.048,0.416441,-1,-1,-1
726,1,699.929,667.391,16.932,17.829,0.421195,-1,-1,-1
727,1,704.860,668.924,19.318,17.111,0.436682,-1,-1,-1
728,1,712.693,671.047,19.659,16.551,0.446012,-1,-1,-1
729,1,723.654,672.592,21.133,17.118,0.419410,-1,-1,-1
730,1,739.702,672.861,20.692,16.409,0.418756,-1,-1,-1
731,1,757.259,673.307,23.442,17.336,0.464416,-1,-1,-1
732,1,778.385,674.440,24.634,16.788,0.428413,-1,-1,-1
733,1,803.678,673.944,27.133,17.068,0.322526,-1,-1,-1
734,1,832.876,673.104,25.019,15.975,0.224735,-1,-1,-1
735,1,862.247,672.291,24.118,15.491,0.378229,-1,-1,-1
736,1,889.204,670.162,23.761,15.014,0.327238,-1,-1,-1
737,1,913.432,667.154,23.504,14.869,0.358915,-1,-1,-1
738,1,949.465,665.204,29.859,14.487,0.193604,-1,-1,-1
739,1,986.087,661.372,27.961,14.912,0.276397,-1,-1,-1
740,1,1020.805,659.129,25.300,14.886,0.430985,-1,-1,-1
741,1,1051.008,656.973,25.022,14.863,0.454291,-1,-1,-1
742,1,1080.145,655.099,22.917,14.310,0.451447,-1,-1,-1
743,1,1106.592,652.595,22.180,15.178,0.511907,-1,-1,-1
744,1,1132.227,652.039,21.499,13.408,0.423995,-1,-1,-1
745,1,1157.110,652.865,11.163,11.598,0.330687,-1,-1,-1
746,1,1183.640,651.979,18.759,12.518,0.269710,-1,-1,-1
747,1,1202.784,651.992,20.285,13.579,0.464719,-1,-1,-1
748,1,1224.388,653.622,19.369,14.437,0.454291,-1,-1,-1
749,1,1243.742,655.222,18.368,13.659,0.459592,-1,-1,-1
750,1,1259.824,655.748,19.093,14.006,0.484708,-1,-1,-1
